0	0	8.000
0	1	10.183
0	2	8.691
0	3	4.130
0	4	5.892
0	5	3.673
0	6	5.670
0	7	7.708
0	8	7.410
0	9	5.810
0	10	7.133
0	11	5.006
0	12	4.742
0	13	3.954
0	14	5.467
0	15	5.972
0	16	4.872
0	17	3.731
0	18	6.617
0	19	4.452
0	20	6.788
0	21	4.216
0	22	3.839
0	23	3.617
0	24	2.090
0	25	1.803
0	26	2.771
0	27	5.050
0	28	3.163
0	29	2.263
0	30	5.237
0	31	1.678
0	32	2.624
0	33	0.902
0	34	3.660
0	35	0.246
0	36	2.686
0	37	2.898
0	38	4.479
0	39	1.952
0	40	2.189
0	41	4.750
0	42	3.421
0	43	3.026
0	44	1.577
0	45	2.860
0	46	6.955
0	47	3.447
0	48	2.026
0	49	3.497
0	50	2.763
0	51	7.508
0	52	3.605
0	53	3.331
0	54	5.875
0	55	2.961
0	56	4.699
0	57	2.928
0	58	1.381
0	59	1.566
0	60	0.586
0	61	2.619
0	62	3.449
0	63	5.938
0	64	3.035
0	65	4.060
0	66	3.082
0	67	3.978
0	68	4.466
0	69	2.482
0	70	3.537
0	71	3.871
0	72	2.766
0	73	2.917
0	74	2.207
0	75	0.664
0	76	3.752
0	77	0.000
0	78	0.640
0	79	5.452
0	80	2.377
0	81	0.000
0	82	0.612
0	83	0.000
0	84	0.000
0	85	0.000
0	86	2.339
0	87	1.271
0	88	1.409
0	89	2.678
0	90	1.588
0	91	3.239
0	92	3.488
0	93	2.156
0	94	0.000
0	95	0.000
0	96	1.238
0	97	1.806
0	98	0.189
0	99	1.804
0	100	0.000
0	101	3.240
0	102	2.021
0	103	1.612
0	104	0.421
0	105	1.186
0	106	0.000
0	107	4.167
0	108	1.415
0	109	4.141
0	110	1.263
0	111	2.602
0	112	0.879
0	113	3.952
0	114	0.000
0	115	0.000
0	116	1.411
0	117	0.057
0	118	3.592
0	119	1.883
1	1	8.000
1	2	8.246
1	3	7.913
1	4	7.704
1	5	6.081
1	6	5.804
1	7	6.037
1	8	4.035
1	9	4.973
1	10	9.170
1	11	7.015
1	12	5.151
1	13	3.377
1	14	6.412
1	15	6.287
1	16	4.824
1	17	5.529
1	18	5.114
1	19	3.905
1	20	6.441
1	21	3.997
1	22	6.280
1	23	3.577
1	24	3.687
1	25	2.919
1	26	0.935
1	27	5.803
1	28	5.534
1	29	3.251
1	30	4.150
1	31	2.168
1	32	3.116
1	33	4.411
1	34	3.739
1	35	0.513
1	36	1.499
1	37	2.934
1	38	2.516
1	39	5.092
1	40	4.479
1	41	2.064
1	42	5.794
1	43	3.535
1	44	0.218
1	45	0.000
1	46	4.248
1	47	4.900
1	48	1.691
1	49	4.497
1	50	2.780
1	51	4.739
1	52	1.829
1	53	3.462
1	54	2.141
1	55	4.162
1	56	4.356
1	57	0.000
1	58	0.000
1	59	2.021
1	60	1.340
1	61	4.042
1	62	5.044
1	63	6.546
1	64	4.400
1	65	0.000
1	66	3.456
1	67	7.814
1	68	2.190
1	69	3.965
1	70	2.461
1	71	4.650
1	72	3.046
1	73	2.265
1	74	1.786
1	75	0.000
1	76	0.789
1	77	6.159
1	78	6.046
1	79	2.690
1	80	2.846
1	81	0.446
1	82	4.562
1	83	0.857
1	84	4.028
1	85	0.066
1	86	0.000
1	87	4.104
1	88	5.667
1	89	0.000
1	90	1.304
1	91	1.850
1	92	0.422
1	93	1.764
1	94	1.054
1	95	1.864
1	96	0.977
1	97	0.000
1	98	3.242
1	99	1.146
1	100	3.270
1	101	3.775
1	102	0.000
1	103	2.300
1	104	1.928
1	105	3.602
1	106	2.039
1	107	1.177
1	108	3.456
1	109	0.782
1	110	0.825
1	111	2.165
1	112	2.240
1	113	1.243
1	114	3.618
1	115	0.984
1	116	1.643
1	117	0.641
1	118	0.000
1	119	0.618
2	2	8.000
2	3	9.067
2	4	5.808
2	5	8.063
2	6	4.181
2	7	6.185
2	8	6.997
2	9	4.376
2	10	6.617
2	11	5.339
2	12	6.694
2	13	5.204
2	14	1.137
2	15	3.242
2	16	4.561
2	17	6.690
2	18	4.850
2	19	0.943
2	20	5.687
2	21	3.289
2	22	4.295
2	23	4.994
2	24	5.459
2	25	5.393
2	26	5.092
2	27	4.400
2	28	2.008
2	29	2.747
2	30	6.140
2	31	1.551
2	32	7.049
2	33	2.326
2	34	5.288
2	35	3.499
2	36	2.623
2	37	4.970
2	38	1.350
2	39	5.059
2	40	3.965
2	41	3.030
2	42	3.311
2	43	0.977
2	44	1.783
2	45	1.343
2	46	0.537
2	47	3.372
2	48	5.743
2	49	2.078
2	50	2.917
2	51	0.971
2	52	3.635
2	53	0.806
2	54	4.373
2	55	5.740
2	56	3.226
2	57	4.656
2	58	1.920
2	59	4.863
2	60	3.530
2	61	3.117
2	62	4.756
2	63	1.998
2	64	3.492
2	65	2.139
2	66	2.794
2	67	4.904
2	68	0.139
2	69	0.000
2	70	1.439
2	71	4.109
2	72	4.388
2	73	0.000
2	74	0.793
2	75	5.106
2	76	1.687
2	77	0.000
2	78	3.196
2	79	4.924
2	80	0.000
2	81	4.823
2	82	0.188
2	83	0.000
2	84	0.000
2	85	2.464
2	86	0.000
2	87	2.222
2	88	0.000
2	89	0.000
2	90	0.000
2	91	0.000
2	92	2.592
2	93	1.629
2	94	0.000
2	95	0.000
2	96	3.184
2	97	1.935
2	98	1.627
2	99	0.610
2	100	3.239
2	101	2.443
2	102	0.000
2	103	0.947
2	104	0.000
2	105	2.014
2	106	0.559
2	107	1.119
2	108	0.000
2	109	0.000
2	110	1.682
2	111	0.476
2	112	0.315
2	113	0.000
2	114	0.835
2	115	1.035
2	116	3.115
2	117	1.423
2	118	0.000
2	119	3.152
3	3	8.000
3	4	10.860
3	5	7.801
3	6	6.181
3	7	6.143
3	8	5.559
3	9	5.783
3	10	4.989
3	11	8.466
3	12	5.364
3	13	6.159
3	14	7.203
3	15	6.951
3	16	4.231
3	17	5.391
3	18	3.284
3	19	8.006
3	20	6.287
3	21	1.905
3	22	6.400
3	23	4.146
3	24	2.052
3	25	4.677
3	26	3.910
3	27	4.249
3	28	5.242
3	29	2.532
3	30	4.148
3	31	3.684
3	32	4.962
3	33	3.520
3	34	5.567
3	35	4.988
3	36	0.335
3	37	2.705
3	38	2.325
3	39	3.820
3	40	3.586
3	41	2.441
3	42	5.773
3	43	0.911
3	44	3.214
3	45	5.550
3	46	4.460
3	47	3.334
3	48	2.827
3	49	1.460
3	50	0.982
3	51	0.550
3	52	1.793
3	53	3.638
3	54	5.359
3	55	1.969
3	56	2.516
3	57	3.880
3	58	3.505
3	59	4.343
3	60	4.418
3	61	2.515
3	62	4.403
3	63	2.990
3	64	1.768
3	65	6.045
3	66	3.398
3	67	4.609
3	68	3.775
3	69	1.769
3	70	2.309
3	71	0.369
3	72	3.774
3	73	2.761
3	74	3.808
3	75	3.910
3	76	0.000
3	77	1.669
3	78	4.452
3	79	4.380
3	80	0.404
3	81	0.424
3	82	0.000
3	83	0.285
3	84	0.469
3	85	2.203
3	86	3.295
3	87	0.000
3	88	1.388
3	89	1.337
3	90	3.620
3	91	1.031
3	92	0.058
3	93	0.824
3	94	2.980
3	95	1.776
3	96	0.087
3	97	0.697
3	98	1.447
3	99	1.284
3	100	3.955
3	101	1.920
3	102	0.659
3	103	0.732
3	104	1.079
3	105	1.500
3	106	0.000
3	107	0.738
3	108	2.073
3	109	0.000
3	110	0.279
3	111	0.000
3	112	0.000
3	113	0.000
3	114	1.405
3	115	1.701
3	116	0.000
3	117	2.076
3	118	0.000
3	119	0.531
4	4	8.000
4	5	10.330
4	6	9.267
4	7	6.525
4	8	6.140
4	9	9.091
4	10	1.940
4	11	7.727
4	12	4.959
4	13	6.278
4	14	2.957
4	15	5.117
4	16	4.375
4	17	4.422
4	18	4.505
4	19	4.368
4	20	6.196
4	21	4.630
4	22	7.219
4	23	3.919
4	24	5.959
4	25	3.275
4	26	3.812
4	27	3.417
4	28	5.449
4	29	4.323
4	30	2.967
4	31	5.002
4	32	1.524
4	33	3.544
4	34	2.578
4	35	3.251
4	36	3.809
4	37	0.707
4	38	5.511
4	39	2.643
4	40	5.032
4	41	7.471
4	42	4.521
4	43	2.421
4	44	3.299
4	45	6.443
4	46	2.941
4	47	4.081
4	48	5.495
4	49	4.630
4	50	3.614
4	51	7.962
4	52	3.456
4	53	1.878
4	54	4.672
4	55	2.995
4	56	1.422
4	57	3.036
4	58	5.789
4	59	3.810
4	60	2.984
4	61	5.503
4	62	0.000
4	63	2.603
4	64	3.601
4	65	3.502
4	66	3.058
4	67	5.174
4	68	1.727
4	69	3.629
4	70	1.113
4	71	6.523
4	72	6.001
4	73	1.624
4	74	3.431
4	75	2.417
4	76	2.215
4	77	2.143
4	78	3.442
4	79	1.872
4	80	0.035
4	81	0.000
4	82	2.898
4	83	5.441
4	84	1.557
4	85	2.200
4	86	1.071
4	87	3.874
4	88	0.739
4	89	0.000
4	90	0.690
4	91	0.000
4	92	3.223
4	93	5.179
4	94	4.180
4	95	2.431
4	96	0.000
4	97	0.947
4	98	0.000
4	99	0.851
4	100	1.365
4	101	1.435
4	102	0.276
4	103	1.168
4	104	2.636
4	105	1.108
4	106	0.000
4	107	1.358
4	108	0.000
4	109	0.827
4	110	0.000
4	111	1.747
4	112	2.344
4	113	0.371
4	114	0.045
4	115	0.735
4	116	2.090
4	117	0.000
4	118	0.650
4	119	1.357
5	5	8.000
5	6	6.290
5	7	6.386
5	8	6.903
5	9	7.721
5	10	8.017
5	11	7.138
5	12	6.477
5	13	8.387
5	14	7.899
5	15	8.020
5	16	5.352
5	17	4.583
5	18	5.654
5	19	4.924
5	20	5.771
5	21	4.592
5	22	1.835
5	23	3.967
5	24	4.708
5	25	1.877
5	26	5.863
5	27	7.918
5	28	5.729
5	29	5.193
5	30	3.894
5	31	4.906
5	32	3.982
5	33	1.330
5	34	4.495
5	35	4.149
5	36	3.336
5	37	5.482
5	38	0.629
5	39	3.756
5	40	3.046
5	41	2.585
5	42	2.732
5	43	3.722
5	44	3.561
5	45	3.244
5	46	4.889
5	47	0.994
5	48	3.279
5	49	2.638
5	50	5.168
5	51	3.867
5	52	4.145
5	53	4.093
5	54	1.279
5	55	1.892
5	56	5.384
5	57	2.629
5	58	2.681
5	59	1.286
5	60	3.637
5	61	0.607
5	62	2.193
5	63	1.848
5	64	4.929
5	65	6.114
5	66	4.147
5	67	4.357
5	68	3.629
5	69	6.102
5	70	3.298
5	71	4.983
5	72	1.484
5	73	4.217
5	74	3.927
5	75	1.584
5	76	3.433
5	77	3.552
5	78	3.322
5	79	3.775
5	80	0.083
5	81	0.000
5	82	1.345
5	83	3.106
5	84	0.165
5	85	0.000
5	86	0.232
5	87	5.198
5	88	0.616
5	89	3.153
5	90	0.000
5	91	0.000
5	92	2.583
5	93	2.458
5	94	4.490
5	95	0.000
5	96	0.000
5	97	0.000
5	98	2.559
5	99	4.041
5	100	2.846
5	101	2.470
5	102	0.000
5	103	0.000
5	104	0.000
5	105	0.000
5	106	1.200
5	107	0.235
5	108	0.000
5	109	0.843
5	110	3.126
5	111	0.000
5	112	0.000
5	113	1.462
5	114	0.835
5	115	2.237
5	116	0.311
5	117	1.986
5	118	0.000
5	119	0.899
6	6	8.000
6	7	9.027
6	8	7.163
6	9	6.667
6	10	7.833
6	11	8.486
6	12	6.987
6	13	9.235
6	14	4.689
6	15	8.076
6	16	6.011
6	17	3.144
6	18	5.441
6	19	5.781
6	20	4.482
6	21	6.171
6	22	5.099
6	23	4.067
6	24	5.329
6	25	4.557
6	26	5.011
6	27	3.287
6	28	4.450
6	29	3.735
6	30	4.226
6	31	1.538
6	32	3.357
6	33	2.347
6	34	5.678
6	35	1.667
6	36	5.382
6	37	4.303
6	38	8.114
6	39	4.206
6	40	4.615
6	41	5.640
6	42	4.603
6	43	1.451
6	44	0.340
6	45	1.436
6	46	4.506
6	47	3.609
6	48	4.591
6	49	2.798
6	50	4.578
6	51	4.890
6	52	4.146
6	53	3.143
6	54	3.437
6	55	1.647
6	56	1.086
6	57	6.457
6	58	3.832
6	59	1.179
6	60	2.545
6	61	1.915
6	62	2.397
6	63	4.441
6	64	4.981
6	65	4.601
6	66	2.088
6	67	2.863
6	68	2.489
6	69	7.232
6	70	4.449
6	71	5.414
6	72	3.527
6	73	1.295
6	74	5.511
6	75	3.730
6	76	5.270
6	77	0.664
6	78	7.175
6	79	1.404
6	80	1.546
6	81	0.959
6	82	0.000
6	83	1.105
6	84	2.872
6	85	0.000
6	86	2.572
6	87	0.000
6	88	2.245
6	89	0.414
6	90	0.477
6	91	0.000
6	92	3.142
6	93	0.000
6	94	0.000
6	95	1.557
6	96	4.320
6	97	0.460
6	98	1.537
6	99	2.082
6	100	0.402
6	101	2.875
6	102	0.000
6	103	1.577
6	104	3.379
6	105	1.725
6	106	3.051
6	107	1.303
6	108	0.000
6	109	2.857
6	110	0.000
6	111	0.000
6	112	0.873
6	113	1.680
6	114	0.214
6	115	1.479
6	116	2.544
6	117	0.000
6	118	3.049
6	119	1.318
7	7	8.000
7	8	7.463
7	9	6.755
7	10	6.651
7	11	6.835
7	12	5.310
7	13	6.034
7	14	7.497
7	15	5.967
7	16	5.365
7	17	6.461
7	18	5.706
7	19	3.167
7	20	6.531
7	21	4.178
7	22	5.606
7	23	4.135
7	24	5.526
7	25	4.734
7	26	6.530
7	27	2.883
7	28	6.875
7	29	5.883
7	30	3.196
7	31	4.737
7	32	5.494
7	33	1.535
7	34	1.549
7	35	4.808
7	36	4.501
7	37	2.104
7	38	4.505
7	39	2.660
7	40	3.749
7	41	3.528
7	42	4.076
7	43	7.672
7	44	3.380
7	45	1.442
7	46	7.520
7	47	5.609
7	48	1.686
7	49	3.299
7	50	2.095
7	51	2.308
7	52	2.753
7	53	4.511
7	54	1.504
7	55	3.415
7	56	5.527
7	57	2.014
7	58	0.924
7	59	1.384
7	60	3.016
7	61	2.562
7	62	0.599
7	63	3.111
7	64	5.396
7	65	4.151
7	66	2.492
7	67	6.123
7	68	1.040
7	69	3.140
7	70	3.633
7	71	5.603
7	72	2.267
7	73	1.809
7	74	3.399
7	75	2.752
7	76	5.821
7	77	3.352
7	78	2.061
7	79	0.000
7	80	1.561
7	81	1.504
7	82	1.026
7	83	0.991
7	84	0.000
7	85	1.951
7	86	1.530
7	87	0.000
7	88	3.085
7	89	1.385
7	90	0.000
7	91	0.000
7	92	0.100
7	93	1.772
7	94	1.329
7	95	0.000
7	96	2.798
7	97	3.418
7	98	1.269
7	99	1.420
7	100	1.002
7	101	0.339
7	102	0.000
7	103	1.213
7	104	0.908
7	105	1.720
7	106	1.753
7	107	0.000
7	108	1.407
7	109	3.620
7	110	0.000
7	111	2.348
7	112	0.000
7	113	3.009
7	114	0.875
7	115	1.587
7	116	0.000
7	117	1.011
7	118	0.000
7	119	1.797
8	8	8.000
8	9	7.531
8	10	10.013
8	11	4.694
8	12	8.169
8	13	8.211
8	14	4.782
8	15	6.084
8	16	5.917
8	17	6.196
8	18	7.206
8	19	6.185
8	20	4.729
8	21	6.246
8	22	5.225
8	23	1.041
8	24	6.535
8	25	2.216
8	26	4.120
8	27	4.649
8	28	5.185
8	29	2.560
8	30	3.297
8	31	4.959
8	32	6.860
8	33	3.877
8	34	3.549
8	35	5.392
8	36	5.056
8	37	4.200
8	38	4.562
8	39	0.915
8	40	2.395
8	41	3.985
8	42	1.864
8	43	5.556
8	44	3.308
8	45	3.702
8	46	5.803
8	47	3.086
8	48	4.258
8	49	3.496
8	50	3.148
8	51	2.459
8	52	3.177
8	53	4.166
8	54	3.486
8	55	0.259
8	56	3.573
8	57	3.828
8	58	5.353
8	59	1.766
8	60	3.781
8	61	4.494
8	62	2.035
8	63	2.203
8	64	0.298
8	65	2.393
8	66	4.186
8	67	4.307
8	68	5.814
8	69	3.266
8	70	1.888
8	71	3.482
8	72	6.012
8	73	1.988
8	74	4.397
8	75	3.069
8	76	5.139
8	77	3.469
8	78	0.000
8	79	2.865
8	80	0.926
8	81	2.625
8	82	0.000
8	83	2.191
8	84	1.515
8	85	3.561
8	86	0.129
8	87	1.860
8	88	2.754
8	89	0.800
8	90	0.000
8	91	0.265
8	92	0.101
8	93	0.172
8	94	2.295
8	95	4.177
8	96	0.916
8	97	3.406
8	98	1.573
8	99	3.913
8	100	2.609
8	101	2.450
8	102	1.150
8	103	0.698
8	104	0.000
8	105	0.955
8	106	2.777
8	107	0.662
8	108	0.000
8	109	2.743
8	110	0.379
8	111	3.142
8	112	4.750
8	113	0.000
8	114	0.000
8	115	0.000
8	116	1.704
8	117	0.366
8	118	0.000
8	119	3.407
9	9	8.000
9	10	8.261
9	11	8.334
9	12	8.743
9	13	7.318
9	14	7.298
9	15	6.861
9	16	7.974
9	17	5.950
9	18	3.726
9	19	7.674
9	20	5.754
9	21	8.241
9	22	5.463
9	23	5.810
9	24	3.392
9	25	2.612
9	26	4.615
9	27	7.050
9	28	2.680
9	29	6.661
9	30	5.105
9	31	2.072
9	32	3.329
9	33	6.184
9	34	6.963
9	35	2.672
9	36	4.595
9	37	3.683
9	38	4.290
9	39	2.558
9	40	3.043
9	41	5.975
9	42	1.468
9	43	4.949
9	44	3.062
9	45	4.485
9	46	0.060
9	47	3.910
9	48	4.695
9	49	4.533
9	50	1.864
9	51	3.150
9	52	4.837
9	53	4.550
9	54	0.000
9	55	1.109
9	56	3.610
9	57	1.492
9	58	5.357
9	59	1.933
9	60	0.420
9	61	3.959
9	62	2.866
9	63	1.566
9	64	0.496
9	65	5.930
9	66	1.901
9	67	3.012
9	68	2.884
9	69	0.894
9	70	7.112
9	71	4.232
9	72	1.274
9	73	0.000
9	74	3.088
9	75	2.574
9	76	1.907
9	77	5.926
9	78	4.367
9	79	2.463
9	80	3.360
9	81	1.138
9	82	0.763
9	83	0.000
9	84	0.000
9	85	0.000
9	86	0.000
9	87	1.772
9	88	1.356
9	89	1.749
9	90	1.384
9	91	0.000
9	92	2.164
9	93	0.636
9	94	2.060
9	95	0.000
9	96	1.697
9	97	1.715
9	98	0.000
9	99	1.538
9	100	3.146
9	101	2.278
9	102	0.000
9	103	0.157
9	104	0.334
9	105	2.513
9	106	2.628
9	107	0.000
9	108	0.176
9	109	3.228
9	110	3.010
9	111	0.000
9	112	1.505
9	113	2.019
9	114	0.000
9	115	3.738
9	116	1.599
9	117	0.000
9	118	2.295
9	119	0.695
10	10	8.000
10	11	7.882
10	12	7.957
10	13	8.639
10	14	6.807
10	15	7.696
10	16	6.901
10	17	6.443
10	18	4.711
10	19	5.287
10	20	6.182
10	21	7.463
10	22	5.995
10	23	5.681
10	24	5.184
10	25	5.553
10	26	2.314
10	27	3.019
10	28	2.019
10	29	2.424
10	30	4.317
10	31	2.921
10	32	2.944
10	33	5.088
10	34	3.544
10	35	5.396
10	36	5.013
10	37	4.720
10	38	2.645
10	39	4.210
10	40	2.886
10	41	2.210
10	42	3.962
10	43	5.346
10	44	2.185
10	45	3.822
10	46	3.765
10	47	2.933
10	48	1.209
10	49	4.031
10	50	3.431
10	51	0.973
10	52	3.939
10	53	4.051
10	54	3.481
10	55	3.564
10	56	4.959
10	57	2.982
10	58	5.693
10	59	1.581
10	60	0.675
10	61	2.921
10	62	4.499
10	63	0.439
10	64	4.119
10	65	4.484
10	66	4.456
10	67	5.337
10	68	6.697
10	69	3.252
10	70	3.296
10	71	4.026
10	72	1.784
10	73	0.291
10	74	4.667
10	75	3.003
10	76	7.460
10	77	3.031
10	78	2.636
10	79	0.561
10	80	0.000
10	81	0.328
10	82	1.049
10	83	0.497
10	84	2.389
10	85	0.700
10	86	0.000
10	87	1.453
10	88	0.000
10	89	0.894
10	90	0.000
10	91	3.066
10	92	0.000
10	93	2.868
10	94	1.969
10	95	3.519
10	96	0.000
10	97	2.540
10	98	2.251
10	99	2.170
10	100	0.592
10	101	0.820
10	102	0.964
10	103	4.151
10	104	2.109
10	105	1.258
10	106	0.000
10	107	0.000
10	108	1.450
10	109	1.098
10	110	0.137
10	111	4.583
10	112	1.391
10	113	0.000
10	114	0.000
10	115	0.000
10	116	0.784
10	117	2.687
10	118	1.166
10	119	1.571
11	11	8.000
11	12	9.743
11	13	6.278
11	14	5.929
11	15	7.061
11	16	8.068
11	17	5.671
11	18	5.111
11	19	5.071
11	20	4.514
11	21	6.207
11	22	5.483
11	23	5.778
11	24	7.461
11	25	5.709
11	26	4.307
11	27	6.908
11	28	3.773
11	29	4.957
11	30	2.088
11	31	4.886
11	32	3.457
11	33	3.744
11	34	3.165
11	35	5.530
11	36	0.855
11	37	3.353
11	38	2.111
11	39	3.436
11	40	3.422
11	41	2.912
11	42	3.406
11	43	3.768
11	44	5.100
11	45	2.688
11	46	1.583
11	47	4.990
11	48	2.839
11	49	4.702
11	50	2.440
11	51	2.772
11	52	4.249
11	53	3.219
11	54	1.078
11	55	2.393
11	56	3.832
11	57	3.846
11	58	4.032
11	59	2.673
11	60	2.489
11	61	5.065
11	62	1.989
11	63	2.571
11	64	2.804
11	65	2.386
11	66	7.227
11	67	3.366
11	68	3.352
11	69	2.991
11	70	4.876
11	71	3.203
11	72	0.325
11	73	2.585
11	74	4.790
11	75	3.484
11	76	2.659
11	77	2.218
11	78	2.782
11	79	2.603
11	80	0.287
11	81	2.708
11	82	0.000
11	83	0.931
11	84	0.358
11	85	0.000
11	86	0.000
11	87	0.000
11	88	0.000
11	89	2.900
11	90	4.527
11	91	1.171
11	92	0.000
11	93	4.294
11	94	1.491
11	95	2.347
11	96	1.501
11	97	0.127
11	98	3.121
11	99	0.737
11	100	0.656
11	101	0.000
11	102	0.000
11	103	2.324
11	104	2.004
11	105	0.000
11	106	0.908
11	107	1.590
11	108	0.000
11	109	0.000
11	110	2.024
11	111	0.000
11	112	0.000
11	113	2.217
11	114	0.000
11	115	2.123
11	116	1.859
11	117	1.754
11	118	0.000
11	119	0.000
12	12	8.000
12	13	8.758
12	14	8.145
12	15	4.994
12	16	6.556
12	17	5.272
12	18	6.038
12	19	7.124
12	20	4.959
12	21	4.270
12	22	4.686
12	23	5.842
12	24	2.905
12	25	4.343
12	26	3.867
12	27	8.636
12	28	7.950
12	29	4.650
12	30	5.880
12	31	1.817
12	32	4.940
12	33	5.906
12	34	3.395
12	35	3.738
12	36	4.909
12	37	5.108
12	38	3.993
12	39	4.190
12	40	3.984
12	41	5.656
12	42	4.869
12	43	2.794
12	44	4.208
12	45	2.348
12	46	3.805
12	47	5.347
12	48	0.731
12	49	2.839
12	50	5.086
12	51	1.248
12	52	0.157
12	53	3.430
12	54	2.062
12	55	3.604
12	56	1.871
12	57	3.494
12	58	1.325
12	59	4.341
12	60	5.587
12	61	0.363
12	62	2.343
12	63	0.000
12	64	3.299
12	65	1.980
12	66	4.140
12	67	4.792
12	68	1.908
12	69	3.814
12	70	2.722
12	71	7.136
12	72	5.236
12	73	1.505
12	74	3.447
12	75	2.416
12	76	5.043
12	77	4.534
12	78	4.883
12	79	3.681
12	80	1.210
12	81	0.000
12	82	0.048
12	83	1.520
12	84	1.435
12	85	0.000
12	86	4.347
12	87	3.895
12	88	4.632
12	89	0.597
12	90	0.000
12	91	0.000
12	92	1.704
12	93	1.368
12	94	0.000
12	95	0.823
12	96	4.032
12	97	1.023
12	98	0.200
12	99	0.975
12	100	0.821
12	101	1.085
12	102	0.242
12	103	0.900
12	104	0.000
12	105	0.000
12	106	0.000
12	107	2.189
12	108	0.000
12	109	1.364
12	110	0.745
12	111	1.730
12	112	3.440
12	113	2.005
12	114	3.248
12	115	0.000
12	116	0.000
12	117	0.000
12	118	1.297
12	119	3.774
13	13	8.000
13	14	7.850
13	15	6.414
13	16	7.840
13	17	6.262
13	18	5.970
13	19	5.004
13	20	5.123
13	21	6.410
13	22	8.207
13	23	5.616
13	24	7.833
13	25	8.567
13	26	6.252
13	27	3.173
13	28	6.224
13	29	5.423
13	30	4.886
13	31	4.461
13	32	4.479
13	33	3.104
13	34	4.039
13	35	6.195
13	36	4.312
13	37	5.755
13	38	1.793
13	39	3.257
13	40	4.801
13	41	2.471
13	42	3.481
13	43	1.945
13	44	3.879
13	45	2.565
13	46	5.404
13	47	5.009
13	48	3.657
13	49	1.779
13	50	2.424
13	51	2.705
13	52	3.620
13	53	1.931
13	54	2.086
13	55	1.026
13	56	3.510
13	57	3.117
13	58	2.890
13	59	4.461
13	60	4.859
13	61	2.303
13	62	1.253
13	63	2.446
13	64	3.330
13	65	5.167
13	66	3.232
13	67	2.380
13	68	2.665
13	69	2.604
13	70	2.967
13	71	2.324
13	72	0.786
13	73	5.030
13	74	3.241
13	75	3.804
13	76	1.801
13	77	4.702
13	78	3.712
13	79	1.377
13	80	1.797
13	81	0.991
13	82	0.965
13	83	0.000
13	84	3.561
13	85	0.000
13	86	0.842
13	87	1.529
13	88	1.932
13	89	1.214
13	90	2.863
13	91	3.291
13	92	0.000
13	93	0.000
13	94	0.316
13	95	0.000
13	96	2.704
13	97	0.055
13	98	0.232
13	99	0.000
13	100	0.000
13	101	0.000
13	102	0.388
13	103	1.709
13	104	0.000
13	105	0.000
13	106	0.004
13	107	0.318
13	108	0.000
13	109	0.973
13	110	0.000
13	111	0.000
13	112	3.485
13	113	0.000
13	114	0.000
13	115	0.628
13	116	0.116
13	117	0.454
13	118	0.942
13	119	1.994
14	14	8.000
14	15	8.308
14	16	7.421
14	17	6.269
14	18	6.445
14	19	7.827
14	20	6.093
14	21	5.713
14	22	6.415
14	23	4.584
14	24	4.312
14	25	3.116
14	26	3.141
14	27	2.417
14	28	5.588
14	29	5.674
14	30	4.890
14	31	3.902
14	32	4.328
14	33	2.958
14	34	6.613
14	35	5.472
14	36	3.970
14	37	3.506
14	38	5.041
14	39	2.774
14	40	4.554
14	41	4.313
14	42	4.645
14	43	2.572
14	44	3.977
14	45	2.098
14	46	1.968
14	47	3.159
14	48	3.201
14	49	3.555
14	50	3.681
14	51	1.291
14	52	4.444
14	53	2.483
14	54	3.695
14	55	3.958
14	56	3.791
14	57	5.937
14	58	5.172
14	59	5.357
14	60	4.128
14	61	3.149
14	62	4.774
14	63	2.717
14	64	0.905
14	65	5.261
14	66	2.010
14	67	4.729
14	68	1.064
14	69	3.155
14	70	2.043
14	71	1.051
14	72	2.446
14	73	2.551
14	74	5.596
14	75	3.986
14	76	3.953
14	77	4.014
14	78	2.114
14	79	2.223
14	80	1.963
14	81	0.000
14	82	0.000
14	83	3.917
14	84	0.197
14	85	0.543
14	86	1.024
14	87	0.336
14	88	1.230
14	89	1.629
14	90	0.000
14	91	1.102
14	92	0.000
14	93	1.387
14	94	0.913
14	95	0.000
14	96	2.591
14	97	1.721
14	98	1.884
14	99	0.000
14	100	0.000
14	101	1.270
14	102	3.917
14	103	0.000
14	104	4.853
14	105	2.582
14	106	0.000
14	107	0.426
14	108	2.286
14	109	1.518
14	110	1.628
14	111	1.235
14	112	0.766
14	113	0.646
14	114	0.100
14	115	0.000
14	116	0.391
14	117	1.727
14	118	1.243
14	119	0.080
15	15	8.000
15	16	8.151
15	17	6.469
15	18	7.297
15	19	5.208
15	20	2.751
15	21	4.106
15	22	8.066
15	23	9.181
15	24	4.966
15	25	4.509
15	26	4.729
15	27	8.091
15	28	5.713
15	29	5.991
15	30	3.170
15	31	5.706
15	32	5.020
15	33	4.291
15	34	4.287
15	35	6.909
15	36	4.954
15	37	4.858
15	38	4.058
15	39	2.513
15	40	3.558
15	41	3.600
15	42	2.672
15	43	1.817
15	44	3.632
15	45	3.141
15	46	2.744
15	47	2.373
15	48	0.760
15	49	5.900
15	50	4.020
15	51	4.859
15	52	4.628
15	53	0.000
15	54	3.123
15	55	0.717
15	56	2.518
15	57	0.867
15	58	0.457
15	59	0.734
15	60	3.098
15	61	4.102
15	62	4.227
15	63	3.594
15	64	2.506
15	65	4.043
15	66	1.582
15	67	3.094
15	68	1.998
15	69	5.104
15	70	5.026
15	71	1.486
15	72	4.935
15	73	4.398
15	74	5.019
15	75	0.406
15	76	1.930
15	77	2.292
15	78	2.052
15	79	1.428
15	80	4.670
15	81	0.309
15	82	2.223
15	83	0.000
15	84	0.000
15	85	0.000
15	86	0.000
15	87	0.163
15	88	0.683
15	89	1.694
15	90	4.707
15	91	1.016
15	92	0.035
15	93	4.816
15	94	0.861
15	95	0.000
15	96	2.840
15	97	2.508
15	98	0.000
15	99	0.698
15	100	0.741
15	101	0.728
15	102	1.764
15	103	0.840
15	104	1.069
15	105	2.530
15	106	0.000
15	107	0.000
15	108	3.966
15	109	2.160
15	110	6.083
15	111	2.871
15	112	2.368
15	113	0.673
15	114	1.249
15	115	1.261
15	116	3.676
15	117	2.614
15	118	0.000
15	119	3.159
16	16	8.000
16	17	9.799
16	18	8.340
16	19	6.637
16	20	7.233
16	21	8.766
16	22	6.956
16	23	5.988
16	24	7.934
16	25	6.280
16	26	4.254
16	27	7.505
16	28	2.117
16	29	4.384
16	30	5.040
16	31	4.787
16	32	3.750
16	33	5.840
16	34	2.653
16	35	3.343
16	36	5.384
16	37	5.381
16	38	4.082
16	39	5.328
16	40	1.521
16	41	3.799
16	42	4.386
16	43	5.394
16	44	3.256
16	45	2.243
16	46	2.354
16	47	2.708
16	48	5.547
16	49	0.986
16	50	2.617
16	51	5.772
16	52	3.660
16	53	2.497
16	54	4.946
16	55	4.410
16	56	3.736
16	57	6.176
16	58	5.102
16	59	2.025
16	60	4.651
16	61	3.024
16	62	2.769
16	63	2.557
16	64	3.367
16	65	6.084
16	66	4.105
16	67	5.202
16	68	6.439
16	69	2.891
16	70	6.090
16	71	2.139
16	72	3.365
16	73	0.000
16	74	0.000
16	75	2.693
16	76	5.375
16	77	6.680
16	78	0.819
16	79	4.250
16	80	0.000
16	81	0.115
16	82	0.000
16	83	0.689
16	84	1.524
16	85	0.531
16	86	0.000
16	87	1.587
16	88	0.000
16	89	5.445
16	90	0.256
16	91	0.786
16	92	0.762
16	93	0.000
16	94	0.580
16	95	1.112
16	96	2.499
16	97	1.940
16	98	0.850
16	99	0.771
16	100	0.000
16	101	0.384
16	102	0.350
16	103	1.671
16	104	2.872
16	105	0.000
16	106	0.000
16	107	0.000
16	108	2.052
16	109	0.941
16	110	3.475
16	111	0.000
16	112	1.764
16	113	0.000
16	114	0.000
16	115	2.464
16	116	0.000
16	117	0.732
16	118	0.000
16	119	0.000
17	17	8.000
17	18	7.386
17	19	8.198
17	20	8.084
17	21	5.402
17	22	7.381
17	23	4.984
17	24	4.968
17	25	5.189
17	26	7.645
17	27	5.338
17	28	6.782
17	29	7.326
17	30	5.106
17	31	6.975
17	32	5.200
17	33	4.978
17	34	4.190
17	35	4.564
17	36	3.242
17	37	4.429
17	38	2.880
17	39	3.491
17	40	4.708
17	41	4.889
17	42	4.557
17	43	0.000
17	44	1.460
17	45	3.456
17	46	3.001
17	47	1.782
17	48	5.328
17	49	1.338
17	50	4.708
17	51	4.568
17	52	3.146
17	53	0.816
17	54	1.799
17	55	5.267
17	56	3.496
17	57	2.707
17	58	3.276
17	59	1.773
17	60	4.851
17	61	3.723
17	62	2.860
17	63	5.878
17	64	1.837
17	65	1.678
17	66	3.367
17	67	2.281
17	68	4.305
17	69	3.654
17	70	3.222
17	71	3.506
17	72	3.347
17	73	4.938
17	74	4.759
17	75	1.145
17	76	2.387
17	77	4.033
17	78	3.979
17	79	0.000
17	80	1.477
17	81	1.353
17	82	2.049
17	83	0.000
17	84	0.000
17	85	1.546
17	86	0.974
17	87	1.942
17	88	0.000
17	89	0.458
17	90	0.000
17	91	2.256
17	92	2.549
17	93	0.000
17	94	0.452
17	95	0.831
17	96	4.962
17	97	2.221
17	98	1.507
17	99	2.623
17	100	1.485
17	101	1.022
17	102	3.099
17	103	1.511
17	104	3.664
17	105	0.684
17	106	0.000
17	107	0.000
17	108	1.135
17	109	2.470
17	110	1.009
17	111	0.483
17	112	0.762
17	113	2.156
17	114	2.623
17	115	0.000
17	116	0.735
17	117	0.223
17	118	0.119
17	119	2.507
18	18	8.000
18	19	8.122
18	20	7.079
18	21	8.088
18	22	8.039
18	23	6.517
18	24	6.696
18	25	5.460
18	26	6.407
18	27	6.449
18	28	7.109
18	29	6.402
18	30	7.641
18	31	6.646
18	32	6.319
18	33	6.525
18	34	4.779
18	35	6.763
18	36	5.280
18	37	3.681
18	38	3.617
18	39	3.896
18	40	4.212
18	41	4.816
18	42	6.932
18	43	2.369
18	44	4.034
18	45	5.265
18	46	2.700
18	47	3.447
18	48	1.799
18	49	4.209
18	50	4.375
18	51	3.390
18	52	3.524
18	53	6.113
18	54	2.149
18	55	2.218
18	56	1.607
18	57	3.973
18	58	1.714
18	59	5.852
18	60	1.940
18	61	1.497
18	62	1.704
18	63	4.919
18	64	4.157
18	65	2.669
18	66	5.163
18	67	2.759
18	68	1.232
18	69	3.061
18	70	4.700
18	71	0.805
18	72	3.996
18	73	0.000
18	74	2.806
18	75	2.651
18	76	5.420
18	77	5.859
18	78	0.042
18	79	3.638
18	80	0.000
18	81	0.034
18	82	0.000
18	83	0.000
18	84	0.584
18	85	2.808
18	86	1.484
18	87	0.201
18	88	0.000
18	89	1.290
18	90	0.000
18	91	1.426
18	92	0.811
18	93	0.000
18	94	2.994
18	95	0.428
18	96	2.321
18	97	3.864
18	98	1.000
18	99	1.163
18	100	1.489
18	101	0.000
18	102	0.000
18	103	3.545
18	104	0.416
18	105	0.000
18	106	1.892
18	107	3.010
18	108	2.624
18	109	0.850
18	110	0.000
18	111	2.700
18	112	1.642
18	113	0.000
18	114	0.676
18	115	1.842
18	116	1.749
18	117	2.371
18	118	3.766
18	119	0.729
19	19	8.000
19	20	6.465
19	21	7.941
19	22	6.055
19	23	6.471
19	24	6.901
19	25	4.315
19	26	7.621
19	27	7.388
19	28	9.785
19	29	10.227
19	30	6.629
19	31	4.027
19	32	5.346
19	33	8.960
19	34	6.156
19	35	5.660
19	36	6.810
19	37	4.609
19	38	5.474
19	39	3.367
19	40	4.879
19	41	6.772
19	42	3.106
19	43	2.818
19	44	2.172
19	45	4.523
19	46	5.501
19	47	0.348
19	48	3.132
19	49	1.126
19	50	4.210
19	51	2.717
19	52	4.940
19	53	5.957
19	54	2.139
19	55	2.195
19	56	2.674
19	57	3.846
19	58	3.611
19	59	2.596
19	60	2.023
19	61	1.728
19	62	7.122
19	63	3.236
19	64	2.777
19	65	1.954
19	66	4.465
19	67	3.885
19	68	3.939
19	69	0.093
19	70	1.439
19	71	3.648
19	72	3.725
19	73	5.989
19	74	1.291
19	75	2.440
19	76	2.802
19	77	1.822
19	78	2.997
19	79	5.269
19	80	3.173
19	81	0.000
19	82	1.504
19	83	0.000
19	84	0.163
19	85	2.704
19	86	1.011
19	87	0.548
19	88	3.379
19	89	3.011
19	90	0.783
19	91	0.000
19	92	1.267
19	93	0.000
19	94	1.374
19	95	0.257
19	96	2.272
19	97	0.000
19	98	2.118
19	99	0.000
19	100	3.415
19	101	0.000
19	102	0.000
19	103	0.350
19	104	0.000
19	105	0.000
19	106	2.683
19	107	1.361
19	108	2.357
19	109	1.060
19	110	0.000
19	111	1.763
19	112	3.020
19	113	3.189
19	114	1.330
19	115	0.931
19	116	1.427
19	117	1.238
19	118	1.972
19	119	4.279
20	20	8.000
20	21	4.052
20	22	5.817
20	23	5.113
20	24	6.901
20	25	5.097
20	26	5.497
20	27	5.332
20	28	5.978
20	29	5.635
20	30	5.846
20	31	5.884
20	32	5.872
20	33	6.416
20	34	4.667
20	35	6.383
20	36	2.384
20	37	3.965
20	38	4.095
20	39	5.815
20	40	6.916
20	41	2.940
20	42	2.980
20	43	5.385
20	44	3.721
20	45	4.870
20	46	3.576
20	47	6.262
20	48	4.469
20	49	4.034
20	50	5.076
20	51	3.185
20	52	3.038
20	53	3.415
20	54	3.856
20	55	4.152
20	56	4.070
20	57	3.597
20	58	2.859
20	59	1.031
20	60	4.512
20	61	4.308
20	62	1.116
20	63	1.388
20	64	2.937
20	65	1.901
20	66	0.736
20	67	4.201
20	68	3.057
20	69	3.234
20	70	4.105
20	71	2.400
20	72	4.804
20	73	2.664
20	74	3.972
20	75	2.191
20	76	3.414
20	77	2.233
20	78	1.241
20	79	4.401
20	80	0.000
20	81	1.494
20	82	0.000
20	83	0.000
20	84	0.048
20	85	0.479
20	86	1.127
20	87	0.455
20	88	0.000
20	89	2.932
20	90	0.000
20	91	0.610
20	92	1.375
20	93	4.439
20	94	1.786
20	95	4.880
20	96	1.101
20	97	3.270
20	98	1.398
20	99	0.000
20	100	0.924
20	101	0.000
20	102	4.609
20	103	2.309
20	104	0.866
20	105	0.000
20	106	0.857
20	107	0.000
20	108	2.352
20	109	0.100
20	110	0.000
20	111	3.608
20	112	2.083
20	113	0.000
20	114	1.122
20	115	2.659
20	116	0.221
20	117	0.000
20	118	0.000
20	119	2.080
21	21	8.000
21	22	8.606
21	23	5.250
21	24	4.828
21	25	7.539
21	26	6.078
21	27	6.192
21	28	5.573
21	29	5.832
21	30	6.123
21	31	3.585
21	32	7.808
21	33	6.057
21	34	7.290
21	35	3.478
21	36	3.458
21	37	3.960
21	38	3.650
21	39	3.767
21	40	4.971
21	41	6.466
21	42	6.715
21	43	5.325
21	44	5.105
21	45	2.418
21	46	3.924
21	47	4.918
21	48	3.296
21	49	2.599
21	50	6.753
21	51	3.299
21	52	3.031
21	53	4.758
21	54	3.975
21	55	0.558
21	56	6.661
21	57	2.246
21	58	4.486
21	59	3.234
21	60	5.598
21	61	4.763
21	62	6.279
21	63	2.064
21	64	3.331
21	65	1.738
21	66	3.073
21	67	1.991
21	68	3.197
21	69	5.166
21	70	1.423
21	71	7.413
21	72	6.644
21	73	3.949
21	74	1.578
21	75	5.050
21	76	4.175
21	77	4.408
21	78	3.981
21	79	2.828
21	80	0.586
21	81	2.373
21	82	0.000
21	83	0.000
21	84	1.807
21	85	1.615
21	86	4.171
21	87	0.000
21	88	0.617
21	89	1.260
21	90	2.750
21	91	1.154
21	92	0.694
21	93	0.225
21	94	0.000
21	95	5.636
21	96	1.876
21	97	0.550
21	98	0.000
21	99	0.000
21	100	1.459
21	101	0.721
21	102	0.533
21	103	0.000
21	104	0.000
21	105	0.546
21	106	0.000
21	107	1.648
21	108	4.613
21	109	0.000
21	110	3.360
21	111	0.000
21	112	0.000
21	113	2.511
21	114	2.039
21	115	2.444
21	116	1.555
21	117	1.471
21	118	0.000
21	119	0.097
22	22	8.000
22	23	8.905
22	24	8.002
22	25	7.967
22	26	7.754
22	27	8.170
22	28	3.946
22	29	5.394
22	30	6.008
22	31	6.148
22	32	7.426
22	33	5.959
22	34	4.042
22	35	5.680
22	36	3.863
22	37	6.950
22	38	5.988
22	39	2.106
22	40	4.084
22	41	2.910
22	42	4.221
22	43	3.049
22	44	2.586
22	45	5.618
22	46	5.819
22	47	4.213
22	48	5.024
22	49	2.278
22	50	5.832
22	51	4.612
22	52	3.924
22	53	4.511
22	54	4.917
22	55	6.894
22	56	5.234
22	57	2.711
22	58	2.375
22	59	1.911
22	60	2.721
22	61	5.247
22	62	0.251
22	63	3.759
22	64	2.849
22	65	4.185
22	66	2.396
22	67	6.008
22	68	0.000
22	69	3.741
22	70	3.348
22	71	2.170
22	72	3.838
22	73	2.531
22	74	2.797
22	75	0.940
22	76	4.308
22	77	1.865
22	78	2.255
22	79	3.787
22	80	0.000
22	81	0.000
22	82	0.120
22	83	0.431
22	84	1.846
22	85	0.220
22	86	0.000
22	87	1.245
22	88	3.421
22	89	1.943
22	90	1.412
22	91	0.540
22	92	0.483
22	93	0.000
22	94	1.390
22	95	0.971
22	96	0.000
22	97	0.000
22	98	1.110
22	99	2.388
22	100	2.176
22	101	0.000
22	102	0.000
22	103	0.000
22	104	0.438
22	105	2.572
22	106	0.000
22	107	0.000
22	108	0.345
22	109	1.404
22	110	1.346
22	111	0.000
22	112	0.000
22	113	0.000
22	114	1.664
22	115	0.000
22	116	0.000
22	117	3.508
22	118	1.940
22	119	0.000
23	23	8.000
23	24	6.624
23	25	7.614
23	26	5.392
23	27	4.572
23	28	8.455
23	29	6.518
23	30	6.403
23	31	7.199
23	32	7.845
23	33	5.125
23	34	5.755
23	35	3.102
23	36	6.841
23	37	4.124
23	38	2.776
23	39	3.708
23	40	4.419
23	41	6.404
23	42	5.383
23	43	1.919
23	44	3.776
23	45	3.451
23	46	2.966
23	47	0.468
23	48	0.565
23	49	5.898
23	50	5.056
23	51	3.242
23	52	5.393
23	53	5.516
23	54	4.850
23	55	4.130
23	56	5.751
23	57	3.390
23	58	3.873
23	59	5.172
23	60	2.663
23	61	1.277
23	62	1.559
23	63	3.108
23	64	5.146
23	65	0.000
23	66	4.702
23	67	1.241
23	68	2.763
23	69	2.811
23	70	5.825
23	71	6.794
23	72	5.468
23	73	4.170
23	74	4.098
23	75	2.763
23	76	3.076
23	77	5.305
23	78	4.145
23	79	0.844
23	80	3.772
23	81	1.589
23	82	0.252
23	83	0.750
23	84	0.024
23	85	0.623
23	86	1.014
23	87	2.819
23	88	1.380
23	89	1.772
23	90	1.364
23	91	0.000
23	92	0.873
23	93	0.000
23	94	0.175
23	95	2.313
23	96	0.000
23	97	0.651
23	98	0.000
23	99	2.754
23	100	0.000
23	101	1.875
23	102	0.000
23	103	0.000
23	104	1.435
23	105	3.519
23	106	2.145
23	107	1.834
23	108	2.546
23	109	1.275
23	110	0.000
23	111	0.593
23	112	0.000
23	113	4.021
23	114	0.000
23	115	0.000
23	116	0.833
23	117	2.466
23	118	1.984
23	119	1.972
24	24	8.000
24	25	10.901
24	26	8.281
24	27	6.368
24	28	6.532
24	29	10.473
24	30	5.802
24	31	5.575
24	32	4.695
24	33	6.487
24	34	4.596
24	35	5.636
24	36	3.297
24	37	4.617
24	38	5.675
24	39	4.038
24	40	3.231
24	41	4.063
24	42	1.357
24	43	5.452
24	44	0.018
24	45	2.700
24	46	4.159
24	47	3.815
24	48	0.532
24	49	3.671
24	50	4.045
24	51	2.743
24	52	2.932
24	53	2.939
24	54	1.772
24	55	3.657
24	56	0.653
24	57	2.873
24	58	2.646
24	59	4.872
24	60	5.569
24	61	1.288
24	62	6.406
24	63	4.177
24	64	4.808
24	65	0.540
24	66	0.000
24	67	4.435
24	68	0.000
24	69	4.244
24	70	3.442
24	71	0.295
24	72	4.856
24	73	5.313
24	74	3.417
24	75	2.719
24	76	2.782
24	77	4.491
24	78	3.648
24	79	3.429
24	80	2.678
24	81	0.808
24	82	0.000
24	83	2.230
24	84	1.827
24	85	0.525
24	86	0.852
24	87	3.130
24	88	0.000
24	89	0.000
24	90	2.370
24	91	2.191
24	92	1.645
24	93	1.930
24	94	1.287
24	95	0.000
24	96	3.332
24	97	1.464
24	98	3.285
24	99	0.000
24	100	2.057
24	101	2.977
24	102	1.408
24	103	2.299
24	104	0.000
24	105	3.105
24	106	4.376
24	107	0.800
24	108	0.119
24	109	2.402
24	110	6.048
24	111	0.534
24	112	0.509
24	113	4.927
24	114	0.934
24	115	1.380
24	116	0.830
24	117	0.441
24	118	1.419
24	119	3.261
25	25	8.000
25	26	5.612
25	27	10.774
25	28	6.240
25	29	8.095
25	30	6.476
25	31	3.828
25	32	3.807
25	33	5.458
25	34	5.574
25	35	5.875
25	36	5.686
25	37	6.047
25	38	5.090
25	39	1.751
25	40	5.483
25	41	7.783
25	42	5.782
25	43	4.566
25	44	4.825
25	45	2.673
25	46	0.969
25	47	4.652
25	48	5.050
25	49	4.586
25	50	2.572
25	51	0.927
25	52	3.895
25	53	3.915
25	54	2.809
25	55	2.207
25	56	5.420
25	57	6.057
25	58	4.144
25	59	5.447
25	60	3.267
25	61	2.799
25	62	0.000
25	63	2.903
25	64	2.315
25	65	2.935
25	66	4.458
25	67	2.155
25	68	2.541
25	69	3.510
25	70	2.800
25	71	1.278
25	72	1.183
25	73	2.666
25	74	3.609
25	75	3.748
25	76	1.372
25	77	4.233
25	78	3.951
25	79	3.628
25	80	4.187
25	81	0.000
25	82	0.811
25	83	3.583
25	84	1.417
25	85	0.744
25	86	1.275
25	87	0.000
25	88	1.127
25	89	3.351
25	90	1.446
25	91	1.809
25	92	0.000
25	93	1.484
25	94	1.290
25	95	0.000
25	96	1.492
25	97	2.214
25	98	2.743
25	99	0.205
25	100	1.784
25	101	0.267
25	102	0.289
25	103	3.125
25	104	0.000
25	105	0.187
25	106	0.000
25	107	0.000
25	108	4.135
25	109	0.000
25	110	2.377
25	111	3.799
25	112	0.000
25	113	2.901
25	114	2.192
25	115	0.986
25	116	0.881
25	117	0.000
25	118	2.563
25	119	0.213
26	26	8.000
26	27	7.743
26	28	8.723
26	29	7.018
26	30	4.389
26	31	5.633
26	32	4.464
26	33	4.846
26	34	6.620
26	35	4.357
26	36	3.744
26	37	3.695
26	38	5.121
26	39	4.326
26	40	6.931
26	41	4.615
26	42	4.778
26	43	2.339
26	44	4.011
26	45	3.495
26	46	4.120
26	47	6.970
26	48	6.419
26	49	3.146
26	50	3.883
26	51	2.526
26	52	0.353
26	53	3.335
26	54	5.409
26	55	3.134
26	56	4.074
26	57	5.627
26	58	5.648
26	59	4.332
26	60	2.996
26	61	1.113
26	62	4.127
26	63	3.672
26	64	3.564
26	65	2.180
26	66	3.521
26	67	3.374
26	68	4.722
26	69	4.754
26	70	4.950
26	71	2.802
26	72	2.350
26	73	3.197
26	74	5.411
26	75	4.850
26	76	2.798
26	77	4.294
26	78	3.196
26	79	1.215
26	80	2.136
26	81	0.000
26	82	2.001
26	83	0.528
26	84	0.000
26	85	0.000
26	86	0.000
26	87	2.236
26	88	3.794
26	89	0.000
26	90	0.000
26	91	0.000
26	92	5.305
26	93	2.951
26	94	0.147
26	95	0.000
26	96	1.059
26	97	1.161
26	98	2.191
26	99	0.000
26	100	3.332
26	101	2.490
26	102	3.698
26	103	1.974
26	104	1.271
26	105	0.000
26	106	0.845
26	107	3.620
26	108	1.011
26	109	2.172
26	110	0.999
26	111	2.319
26	112	0.424
26	113	0.000
26	114	1.770
26	115	2.148
26	116	0.426
26	117	0.000
26	118	0.000
26	119	6.087
27	27	8.000
27	28	7.412
27	29	6.074
27	30	4.322
27	31	7.386
27	32	5.841
27	33	7.228
27	34	4.779
27	35	6.388
27	36	6.102
27	37	5.894
27	38	6.538
27	39	4.412
27	40	6.650
27	41	4.610
27	42	3.336
27	43	3.853
27	44	4.192
27	45	6.703
27	46	5.482
27	47	6.445
27	48	3.922
27	49	4.077
27	50	3.733
27	51	3.273
27	52	5.365
27	53	1.409
27	54	2.429
27	55	2.898
27	56	5.051
27	57	0.829
27	58	1.027
27	59	3.736
27	60	4.752
27	61	4.464
27	62	1.816
27	63	0.473
27	64	5.838
27	65	1.790
27	66	3.364
27	67	0.957
27	68	4.551
27	69	1.216
27	70	2.070
27	71	5.899
27	72	2.343
27	73	5.747
27	74	4.354
27	75	3.303
27	76	5.865
27	77	3.658
27	78	5.861
27	79	3.129
27	80	0.587
27	81	0.000
27	82	0.000
27	83	0.961
27	84	1.283
27	85	0.966
27	86	4.515
27	87	1.599
27	88	0.000
27	89	0.621
27	90	2.718
27	91	0.735
27	92	0.000
27	93	1.363
27	94	0.916
27	95	0.846
27	96	2.303
27	97	1.780
27	98	0.226
27	99	1.022
27	100	0.655
27	101	2.868
27	102	1.249
27	103	3.639
27	104	3.654
27	105	0.000
27	106	1.407
27	107	2.144
27	108	1.651
27	109	0.000
27	110	0.420
27	111	0.437
27	112	2.161
27	113	0.000
27	114	0.000
27	115	0.000
27	116	2.536
27	117	0.000
27	118	0.000
27	119	3.535
28	28	8.000
28	29	9.854
28	30	8.969
28	31	7.364
28	32	3.588
28	33	5.114
28	34	7.649
28	35	7.943
28	36	6.283
28	37	7.796
28	38	5.437
28	39	5.209
28	40	6.677
28	41	5.717
28	42	4.599
28	43	3.611
28	44	2.183
28	45	6.067
28	46	4.590
28	47	5.049
28	48	3.329
28	49	3.551
28	50	2.865
28	51	7.029
28	52	3.547
28	53	2.256
28	54	3.825
28	55	4.324
28	56	5.349
28	57	0.378
28	58	2.773
28	59	4.307
28	60	3.608
28	61	3.666
28	62	2.307
28	63	4.403
28	64	3.768
28	65	4.253
28	66	1.747
28	67	6.159
28	68	2.580
28	69	4.715
28	70	3.181
28	71	2.424
28	72	1.474
28	73	1.284
28	74	3.407
28	75	2.869
28	76	6.463
28	77	2.472
28	78	1.872
28	79	4.907
28	80	1.288
28	81	1.898
28	82	0.000
28	83	0.000
28	84	0.000
28	85	0.371
28	86	1.197
28	87	1.293
28	88	0.000
28	89	0.000
28	90	0.000
28	91	0.999
28	92	1.241
28	93	1.807
28	94	0.000
28	95	1.986
28	96	2.457
28	97	0.000
28	98	0.000
28	99	1.927
28	100	3.307
28	101	2.460
28	102	1.062
28	103	0.000
28	104	0.000
28	105	0.000
28	106	0.000
28	107	0.000
28	108	2.091
28	109	2.353
28	110	3.556
28	111	3.783
28	112	2.591
28	113	3.254
28	114	1.246
28	115	2.676
28	116	0.785
28	117	1.946
28	118	0.000
28	119	1.023
29	29	8.000
29	30	9.764
29	31	5.500
29	32	7.844
29	33	5.360
29	34	6.470
29	35	6.161
29	36	7.317
29	37	5.394
29	38	5.143
29	39	5.712
29	40	8.088
29	41	5.999
29	42	4.349
29	43	3.358
29	44	2.525
29	45	5.815
29	46	3.511
29	47	6.747
29	48	0.000
29	49	5.085
29	50	3.930
29	51	5.146
29	52	7.069
29	53	4.834
29	54	2.261
29	55	3.640
29	56	1.670
29	57	6.010
29	58	2.114
29	59	2.233
29	60	3.566
29	61	6.419
29	62	2.778
29	63	2.200
29	64	4.894
29	65	5.339
29	66	2.619
29	67	4.054
29	68	5.059
29	69	6.271
29	70	0.000
29	71	5.601
29	72	4.019
29	73	6.728
29	74	3.072
29	75	5.718
29	76	4.682
29	77	3.336
29	78	3.491
29	79	1.155
29	80	3.796
29	81	1.605
29	82	3.102
29	83	3.372
29	84	0.883
29	85	3.405
29	86	3.019
29	87	1.512
29	88	0.000
29	89	1.994
29	90	0.957
29	91	0.000
29	92	3.079
29	93	0.000
29	94	0.279
29	95	2.867
29	96	3.398
29	97	1.545
29	98	2.852
29	99	5.192
29	100	1.840
29	101	0.000
29	102	1.034
29	103	0.743
29	104	1.443
29	105	0.000
29	106	1.278
29	107	0.000
29	108	1.387
29	109	1.369
29	110	2.397
29	111	1.499
29	112	0.000
29	113	1.794
29	114	1.321
29	115	0.776
29	116	0.000
29	117	0.371
29	118	0.000
29	119	1.555
30	30	8.000
30	31	7.898
30	32	6.718
30	33	7.220
30	34	6.885
30	35	7.135
30	36	6.938
30	37	6.989
30	38	7.352
30	39	6.519
30	40	6.128
30	41	5.290
30	42	4.129
30	43	5.331
30	44	4.796
30	45	5.635
30	46	5.769
30	47	3.463
30	48	1.301
30	49	5.384
30	50	6.297
30	51	6.395
30	52	3.597
30	53	5.978
30	54	3.374
30	55	3.434
30	56	4.310
30	57	4.744
30	58	5.311
30	59	3.883
30	60	4.191
30	61	4.241
30	62	5.079
30	63	3.548
30	64	6.373
30	65	4.725
30	66	4.288
30	67	3.578
30	68	4.235
30	69	4.337
30	70	2.088
30	71	2.614
30	72	1.179
30	73	5.713
30	74	5.727
30	75	4.409
30	76	2.934
30	77	0.000
30	78	3.075
30	79	3.551
30	80	1.360
30	81	1.401
30	82	3.715
30	83	3.618
30	84	3.470
30	85	3.022
30	86	2.763
30	87	3.374
30	88	1.004
30	89	3.250
30	90	0.000
30	91	2.042
30	92	0.000
30	93	0.000
30	94	0.000
30	95	3.594
30	96	0.000
30	97	3.352
30	98	0.000
30	99	3.957
30	100	0.061
30	101	4.010
30	102	0.354
30	103	1.135
30	104	2.624
30	105	0.000
30	106	0.000
30	107	3.703
30	108	2.153
30	109	1.558
30	110	0.000
30	111	1.695
30	112	0.427
30	113	0.000
30	114	2.913
30	115	1.697
30	116	0.570
30	117	2.176
30	118	1.214
30	119	0.000
31	31	8.000
31	32	8.215
31	33	7.279
31	34	6.649
31	35	4.449
31	36	6.533
31	37	6.676
31	38	5.401
31	39	9.047
31	40	6.105
31	41	5.666
31	42	6.022
31	43	3.469
31	44	6.648
31	45	4.986
31	46	6.724
31	47	4.273
31	48	2.433
31	49	5.200
31	50	1.512
31	51	4.513
31	52	2.763
31	53	4.518
31	54	5.517
31	55	2.324
31	56	4.638
31	57	2.918
31	58	2.329
31	59	6.299
31	60	3.374
31	61	3.012
31	62	5.380
31	63	3.546
31	64	2.799
31	65	2.277
31	66	5.297
31	67	3.614
31	68	1.559
31	69	4.794
31	70	1.536
31	71	1.044
31	72	2.252
31	73	2.600
31	74	2.917
31	75	5.561
31	76	5.795
31	77	2.947
31	78	0.000
31	79	3.356
31	80	0.000
31	81	1.338
31	82	1.163
31	83	0.000
31	84	1.500
31	85	1.843
31	86	1.433
31	87	2.070
31	88	0.000
31	89	1.095
31	90	2.616
31	91	1.323
31	92	2.001
31	93	0.000
31	94	0.579
31	95	1.482
31	96	3.224
31	97	1.544
31	98	0.000
31	99	3.682
31	100	1.654
31	101	2.371
31	102	2.557
31	103	0.000
31	104	0.000
31	105	0.000
31	106	3.098
31	107	3.613
31	108	2.350
31	109	0.684
31	110	1.990
31	111	1.364
31	112	0.000
31	113	1.965
31	114	0.411
31	115	0.000
31	116	0.638
31	117	2.412
31	118	2.350
31	119	0.000
32	32	8.000
32	33	6.417
32	34	9.819
32	35	7.233
32	36	5.413
32	37	8.164
32	38	6.829
32	39	4.950
32	40	6.526
32	41	7.009
32	42	5.591
32	43	5.765
32	44	6.021
32	45	5.043
32	46	4.785
32	47	4.689
32	48	3.068
32	49	8.552
32	50	4.929
32	51	5.413
32	52	4.102
32	53	5.268
32	54	3.976
32	55	2.518
32	56	2.585
32	57	2.583
32	58	2.746
32	59	1.144
32	60	5.781
32	61	6.788
32	62	6.812
32	63	2.192
32	64	3.133
32	65	6.202
32	66	2.596
32	67	3.599
32	68	2.838
32	69	3.230
32	70	5.154
32	71	7.446
32	72	3.586
32	73	3.569
32	74	2.111
32	75	1.852
32	76	2.000
32	77	3.963
32	78	0.000
32	79	2.297
32	80	1.853
32	81	1.917
32	82	0.000
32	83	2.029
32	84	2.921
32	85	2.911
32	86	0.000
32	87	2.211
32	88	1.845
32	89	0.000
32	90	0.989
32	91	0.171
32	92	1.696
32	93	2.083
32	94	1.850
32	95	0.000
32	96	0.293
32	97	1.375
32	98	0.428
32	99	2.758
32	100	3.002
32	101	2.522
32	102	0.917
32	103	1.013
32	104	1.635
32	105	3.589
32	106	2.321
32	107	0.339
32	108	0.722
32	109	4.700
32	110	0.000
32	111	3.883
32	112	2.141
32	113	0.000
32	114	0.000
32	115	2.635
32	116	0.107
32	117	2.284
32	118	1.142
32	119	2.607
33	33	8.000
33	34	4.865
33	35	6.314
33	36	7.665
33	37	4.714
33	38	6.245
33	39	8.214
33	40	5.398
33	41	5.651
33	42	4.566
33	43	5.985
33	44	4.479
33	45	4.451
33	46	3.693
33	47	5.471
33	48	4.241
33	49	4.684
33	50	3.485
33	51	6.604
33	52	4.176
33	53	2.331
33	54	3.588
33	55	1.185
33	56	4.864
33	57	5.374
33	58	5.846
33	59	4.741
33	60	3.749
33	61	6.126
33	62	4.420
33	63	5.141
33	64	1.097
33	65	3.289
33	66	5.506
33	67	0.825
33	68	3.814
33	69	2.429
33	70	2.745
33	71	3.062
33	72	4.765
33	73	4.608
33	74	0.216
33	75	4.736
33	76	5.231
33	77	2.360
33	78	1.929
33	79	4.413
33	80	5.543
33	81	3.721
33	82	0.000
33	83	0.279
33	84	0.803
33	85	0.458
33	86	0.000
33	87	3.112
33	88	1.046
33	89	1.903
33	90	0.000
33	91	3.263
33	92	2.181
33	93	4.431
33	94	2.928
33	95	5.041
33	96	0.000
33	97	0.124
33	98	1.187
33	99	3.207
33	100	1.501
33	101	0.000
33	102	1.003
33	103	1.199
33	104	0.000
33	105	0.135
33	106	0.314
33	107	3.404
33	108	0.000
33	109	0.063
33	110	0.189
33	111	0.000
33	112	0.149
33	113	2.198
33	114	0.967
33	115	0.000
33	116	1.764
33	117	0.748
33	118	0.000
33	119	2.038
34	34	8.000
34	35	7.183
34	36	6.197
34	37	3.125
34	38	9.198
34	39	6.081
34	40	4.169
34	41	4.606
34	42	7.036
34	43	9.180
34	44	6.178
34	45	6.865
34	46	5.393
34	47	5.298
34	48	4.088
34	49	2.639
34	50	3.467
34	51	2.654
34	52	2.029
34	53	6.216
34	54	2.492
34	55	3.324
34	56	4.930
34	57	3.529
34	58	3.203
34	59	6.178
34	60	4.897
34	61	4.495
34	62	6.265
34	63	2.692
34	64	2.345
34	65	5.364
34	66	5.439
34	67	3.234
34	68	6.088
34	69	1.084
34	70	3.170
34	71	2.070
34	72	2.690
34	73	0.000
34	74	5.256
34	75	1.578
34	76	4.049
34	77	1.250
34	78	0.141
34	79	4.453
34	80	3.014
34	81	1.218
34	82	1.680
34	83	1.357
34	84	0.607
34	85	0.364
34	86	0.608
34	87	1.980
34	88	1.268
34	89	1.518
34	90	0.000
34	91	2.204
34	92	0.897
34	93	2.407
34	94	0.000
34	95	0.486
34	96	0.000
34	97	1.347
34	98	0.375
34	99	0.763
34	100	1.139
34	101	2.785
34	102	0.000
34	103	0.000
34	104	1.340
34	105	1.473
34	106	1.704
34	107	0.564
34	108	3.116
34	109	0.111
34	110	0.974
34	111	2.868
34	112	0.448
34	113	0.676
34	114	2.654
34	115	0.220
34	116	1.483
34	117	0.557
34	118	1.664
34	119	2.285
35	35	8.000
35	36	7.900
35	37	7.235
35	38	9.894
35	39	7.066
35	40	5.744
35	41	7.331
35	42	9.766
35	43	5.147
35	44	3.871
35	45	4.051
35	46	8.211
35	47	7.579
35	48	2.161
35	49	3.632
35	50	6.204
35	51	3.308
35	52	3.400
35	53	4.272
35	54	4.260
35	55	4.950
35	56	5.097
35	57	5.045
35	58	2.457
35	59	1.881
35	60	2.586
35	61	3.487
35	62	4.720
35	63	4.096
35	64	1.267
35	65	3.072
35	66	2.070
35	67	5.224
35	68	4.228
35	69	4.146
35	70	3.986
35	71	0.996
35	72	4.068
35	73	4.586
35	74	4.009
35	75	2.520
35	76	4.930
35	77	4.296
35	78	6.242
35	79	3.574
35	80	1.982
35	81	0.679
35	82	0.000
35	83	1.030
35	84	0.753
35	85	2.346
35	86	0.000
35	87	0.913
35	88	3.757
35	89	0.000
35	90	0.000
35	91	0.193
35	92	0.000
35	93	2.698
35	94	1.863
35	95	1.616
35	96	2.946
35	97	0.383
35	98	0.034
35	99	1.375
35	100	1.606
35	101	0.000
35	102	0.000
35	103	0.000
35	104	3.316
35	105	0.000
35	106	0.000
35	107	1.524
35	108	0.535
35	109	2.727
35	110	1.688
35	111	0.652
35	112	2.247
35	113	1.743
35	114	0.000
35	115	0.000
35	116	1.982
35	117	3.218
35	118	2.212
35	119	3.786
36	36	8.000
36	37	9.425
36	38	6.430
36	39	7.652
36	40	7.645
36	41	4.227
36	42	5.798
36	43	2.871
36	44	4.839
36	45	5.209
36	46	3.466
36	47	5.380
36	48	5.990
36	49	6.243
36	50	5.783
36	51	8.145
36	52	4.566
36	53	3.445
36	54	4.606
36	55	3.067
36	56	4.013
36	57	5.738
36	58	5.569
36	59	3.299
36	60	4.166
36	61	3.567
36	62	3.824
36	63	5.094
36	64	3.107
36	65	3.193
36	66	3.134
36	67	2.559
36	68	1.061
36	69	3.294
36	70	3.893
36	71	4.453
36	72	6.005
36	73	7.553
36	74	2.382
36	75	2.592
36	76	3.703
36	77	3.608
36	78	7.312
36	79	1.701
36	80	0.632
36	81	3.508
36	82	0.731
36	83	0.634
36	84	0.402
36	85	1.890
36	86	1.437
36	87	2.831
36	88	0.000
36	89	1.078
36	90	2.154
36	91	4.307
36	92	0.000
36	93	2.023
36	94	0.000
36	95	1.313
36	96	0.000
36	97	1.641
36	98	0.000
36	99	0.000
36	100	0.000
36	101	1.851
36	102	1.294
36	103	0.000
36	104	2.036
36	105	0.000
36	106	0.974
36	107	2.154
36	108	4.483
36	109	2.677
36	110	0.000
36	111	0.000
36	112	0.767
36	113	1.115
36	114	2.536
36	115	0.000
36	116	0.000
36	117	0.000
36	118	0.601
36	119	0.000
37	37	8.000
37	38	9.385
37	39	8.982
37	40	6.160
37	41	6.510
37	42	4.321
37	43	6.027
37	44	6.955
37	45	5.981
37	46	7.118
37	47	5.477
37	48	4.958
37	49	3.971
37	50	4.476
37	51	5.113
37	52	2.153
37	53	3.144
37	54	4.205
37	55	3.758
37	56	4.186
37	57	4.504
37	58	3.450
37	59	6.904
37	60	4.256
37	61	4.785
37	62	2.745
37	63	4.508
37	64	0.181
37	65	0.260
37	66	1.694
37	67	8.839
37	68	3.953
37	69	4.321
37	70	5.431
37	71	5.056
37	72	2.563
37	73	4.347
37	74	6.069
37	75	4.784
37	76	4.025
37	77	4.218
37	78	1.582
37	79	5.920
37	80	2.316
37	81	1.527
37	82	4.624
37	83	2.549
37	84	2.219
37	85	2.480
37	86	0.000
37	87	0.905
37	88	1.248
37	89	0.117
37	90	3.402
37	91	2.602
37	92	1.921
37	93	1.601
37	94	3.375
37	95	1.101
37	96	0.000
37	97	1.885
37	98	1.348
37	99	0.000
37	100	1.302
37	101	3.845
37	102	0.641
37	103	0.000
37	104	1.487
37	105	2.191
37	106	4.769
37	107	1.087
37	108	0.516
37	109	0.000
37	110	3.006
37	111	2.181
37	112	2.162
37	113	0.000
37	114	0.000
37	115	1.091
37	116	0.000
37	117	0.356
37	118	1.606
37	119	1.604
38	38	8.000
38	39	7.128
38	40	5.836
38	41	6.534
38	42	6.322
38	43	4.881
38	44	5.914
38	45	4.268
38	46	2.165
38	47	6.179
38	48	3.462
38	49	4.878
38	50	5.484
38	51	4.405
38	52	5.260
38	53	3.250
38	54	5.091
38	55	5.851
38	56	6.342
38	57	6.013
38	58	4.246
38	59	3.062
38	60	2.328
38	61	3.241
38	62	6.051
38	63	1.348
38	64	4.663
38	65	2.270
38	66	1.719
38	67	4.450
38	68	1.319
38	69	2.559
38	70	4.948
38	71	5.204
38	72	1.422
38	73	4.503
38	74	3.291
38	75	3.310
38	76	3.993
38	77	4.010
38	78	4.385
38	79	2.919
38	80	1.145
38	81	2.775
38	82	0.000
38	83	3.211
38	84	0.041
38	85	2.778
38	86	0.303
38	87	0.342
38	88	0.000
38	89	0.000
38	90	0.934
38	91	3.369
38	92	2.576
38	93	0.000
38	94	3.481
38	95	2.384
38	96	0.889
38	97	0.562
38	98	0.905
38	99	4.078
38	100	2.984
38	101	0.000
38	102	0.000
38	103	0.000
38	104	4.151
38	105	0.000
38	106	2.042
38	107	0.457
38	108	1.328
38	109	3.094
38	110	1.234
38	111	0.727
38	112	0.919
38	113	0.575
38	114	0.000
38	115	1.409
38	116	0.276
38	117	0.000
38	118	2.356
38	119	0.856
39	39	8.000
39	40	7.248
39	41	5.740
39	42	7.800
39	43	4.506
39	44	8.460
39	45	5.808
39	46	5.984
39	47	4.250
39	48	6.959
39	49	5.696
39	50	2.611
39	51	3.837
39	52	6.402
39	53	6.544
39	54	3.824
39	55	5.633
39	56	4.161
39	57	3.995
39	58	4.449
39	59	5.326
39	60	2.453
39	61	4.942
39	62	3.235
39	63	4.344
39	64	4.411
39	65	2.116
39	66	3.992
39	67	3.077
39	68	3.974
39	69	3.994
39	70	1.141
39	71	1.228
39	72	4.448
39	73	2.665
39	74	0.615
39	75	2.472
39	76	4.828
39	77	5.235
39	78	1.906
39	79	2.473
39	80	3.085
39	81	0.980
39	82	2.547
39	83	2.351
39	84	0.614
39	85	0.000
39	86	1.981
39	87	0.000
39	88	4.256
39	89	1.619
39	90	0.000
39	91	0.179
39	92	2.171
39	93	0.628
39	94	0.000
39	95	0.487
39	96	0.000
39	97	2.759
39	98	1.010
39	99	2.367
39	100	0.556
39	101	0.000
39	102	0.940
39	103	1.135
39	104	1.494
39	105	0.677
39	106	0.410
39	107	2.248
39	108	1.157
39	109	0.405
39	110	0.000
39	111	0.810
39	112	1.050
39	113	0.000
39	114	1.172
39	115	0.579
39	116	4.306
39	117	1.094
39	118	0.000
39	119	2.457
40	40	8.000
40	41	6.189
40	42	6.752
40	43	6.927
40	44	6.410
40	45	7.874
40	46	4.576
40	47	4.699
40	48	5.426
40	49	5.018
40	50	6.947
40	51	5.139
40	52	7.627
40	53	3.075
40	54	3.443
40	55	3.996
40	56	3.462
40	57	3.221
40	58	7.577
40	59	4.236
40	60	3.127
40	61	5.914
40	62	4.779
40	63	5.292
40	64	2.996
40	65	5.075
40	66	2.772
40	67	6.179
40	68	3.180
40	69	4.222
40	70	0.422
40	71	3.687
40	72	3.588
40	73	4.925
40	74	3.374
40	75	4.672
40	76	3.342
40	77	4.794
40	78	4.464
40	79	6.284
40	80	4.085
40	81	0.000
40	82	0.000
40	83	1.650
40	84	1.819
40	85	0.992
40	86	1.746
40	87	0.835
40	88	0.000
40	89	0.971
40	90	2.041
40	91	4.061
40	92	3.279
40	93	3.893
40	94	0.283
40	95	2.005
40	96	1.511
40	97	0.000
40	98	0.135
40	99	0.132
40	100	3.440
40	101	0.000
40	102	2.351
40	103	0.201
40	104	0.822
40	105	1.361
40	106	2.214
40	107	3.419
40	108	0.000
40	109	1.061
40	110	0.992
40	111	0.957
40	112	3.342
40	113	1.893
40	114	0.799
40	115	0.814
40	116	3.370
40	117	3.148
40	118	0.000
40	119	0.000
41	41	8.000
41	42	5.661
41	43	6.666
41	44	4.187
41	45	5.735
41	46	8.566
41	47	6.617
41	48	4.424
41	49	3.959
41	50	5.635
41	51	6.459
41	52	5.772
41	53	4.416
41	54	7.993
41	55	3.692
41	56	5.179
41	57	2.669
41	58	2.426
41	59	6.097
41	60	5.534
41	61	3.808
41	62	3.357
41	63	3.513
41	64	4.300
41	65	4.738
41	66	7.044
41	67	1.983
41	68	5.041
41	69	3.536
41	70	6.961
41	71	3.666
41	72	2.410
41	73	0.804
41	74	4.593
41	75	1.077
41	76	3.959
41	77	4.718
41	78	2.396
41	79	1.719
41	80	1.690
41	81	0.249
41	82	0.986
41	83	0.000
41	84	1.364
41	85	0.000
41	86	3.119
41	87	0.252
41	88	2.319
41	89	0.448
41	90	1.302
41	91	4.763
41	92	2.924
41	93	0.000
41	94	0.670
41	95	0.000
41	96	0.948
41	97	0.242
41	98	0.000
41	99	0.000
41	100	0.508
41	101	0.532
41	102	3.519
41	103	3.275
41	104	4.137
41	105	0.476
41	106	0.000
41	107	0.009
41	108	4.792
41	109	0.113
41	110	1.739
41	111	0.000
41	112	1.391
41	113	0.600
41	114	1.369
41	115	0.000
41	116	4.862
41	117	3.214
41	118	1.857
41	119	0.251
42	42	8.000
42	43	5.255
42	44	10.127
42	45	10.049
42	46	8.063
42	47	4.661
42	48	8.772
42	49	4.478
42	50	4.427
42	51	5.762
42	52	4.027
42	53	6.957
42	54	5.553
42	55	4.389
42	56	6.839
42	57	7.252
42	58	7.062
42	59	4.643
42	60	5.941
42	61	4.727
42	62	7.197
42	63	1.417
42	64	4.760
42	65	4.437
42	66	5.127
42	67	2.562
42	68	3.100
42	69	6.772
42	70	2.219
42	71	2.310
42	72	6.658
42	73	4.569
42	74	3.795
42	75	5.401
42	76	5.586
42	77	6.821
42	78	5.056
42	79	4.447
42	80	0.019
42	81	2.873
42	82	2.479
42	83	0.957
42	84	1.224
42	85	0.000
42	86	1.192
42	87	0.429
42	88	2.222
42	89	3.089
42	90	1.002
42	91	0.101
42	92	1.906
42	93	1.793
42	94	0.882
42	95	0.771
42	96	3.632
42	97	0.662
42	98	0.343
42	99	1.921
42	100	0.847
42	101	2.259
42	102	1.069
42	103	1.011
42	104	0.880
42	105	0.000
42	106	0.000
42	107	0.975
42	108	1.797
42	109	0.740
42	110	0.000
42	111	0.080
42	112	0.560
42	113	0.000
42	114	0.000
42	115	2.363
42	116	0.734
42	117	0.747
42	118	2.582
42	119	0.193
43	43	8.000
43	44	10.448
43	45	8.730
43	46	6.935
43	47	8.470
43	48	3.742
43	49	6.270
43	50	8.687
43	51	5.296
43	52	8.042
43	53	4.303
43	54	6.817
43	55	5.702
43	56	4.325
43	57	2.757
43	58	6.347
43	59	3.311
43	60	4.674
43	61	5.350
43	62	4.400
43	63	3.104
43	64	6.380
43	65	4.917
43	66	4.250
43	67	3.950
43	68	6.003
43	69	5.138
43	70	3.013
43	71	1.295
43	72	3.424
43	73	3.039
43	74	2.841
43	75	0.323
43	76	4.389
43	77	3.489
43	78	5.718
43	79	2.022
43	80	0.000
43	81	2.563
43	82	3.527
43	83	1.312
43	84	1.625
43	85	0.000
43	86	0.028
43	87	1.725
43	88	1.022
43	89	0.000
43	90	0.318
43	91	2.915
43	92	1.265
43	93	2.685
43	94	0.000
43	95	0.167
43	96	3.646
43	97	1.486
43	98	3.487
43	99	0.559
43	100	0.000
43	101	1.070
43	102	0.272
43	103	2.591
43	104	2.921
43	105	0.000
43	106	0.000
43	107	2.104
43	108	0.000
43	109	0.921
43	110	2.653
43	111	2.459
43	112	0.499
43	113	0.047
43	114	3.387
43	115	0.000
43	116	2.893
43	117	0.828
43	118	2.463
43	119	1.647
44	44	8.000
44	45	6.954
44	46	7.501
44	47	8.554
44	48	8.937
44	49	5.630
44	50	6.350
44	51	5.942
44	52	3.536
44	53	6.755
44	54	6.050
44	55	4.787
44	56	5.482
44	57	6.618
44	58	3.015
44	59	5.628
44	60	3.731
44	61	6.913
44	62	2.901
44	63	6.477
44	64	3.890
44	65	2.147
44	66	2.292
44	67	3.044
44	68	3.941
44	69	6.012
44	70	4.727
44	71	4.252
44	72	3.571
44	73	1.835
44	74	5.401
44	75	2.555
44	76	2.522
44	77	3.793
44	78	3.009
44	79	5.867
44	80	0.000
44	81	0.146
44	82	4.432
44	83	0.194
44	84	0.409
44	85	2.132
44	86	2.308
44	87	2.450
44	88	4.504
44	89	2.274
44	90	3.676
44	91	1.017
44	92	0.266
44	93	1.809
44	94	2.701
44	95	0.734
44	96	3.204
44	97	1.784
44	98	3.709
44	99	0.192
44	100	0.000
44	101	1.182
44	102	0.000
44	103	0.000
44	104	0.214
44	105	1.747
44	106	0.000
44	107	0.153
44	108	0.000
44	109	2.072
44	110	4.284
44	111	1.342
44	112	2.757
44	113	3.086
44	114	1.119
44	115	5.800
44	116	1.104
44	117	0.000
44	118	1.945
44	119	5.182
45	45	8.000
45	46	7.055
45	47	5.629
45	48	6.103
45	49	8.055
45	50	6.836
45	51	5.356
45	52	5.022
45	53	5.341
45	54	6.911
45	55	4.977
45	56	4.993
45	57	2.348
45	58	6.154
45	59	6.185
45	60	3.757
45	61	5.040
45	62	4.749
45	63	3.855
45	64	6.763
45	65	3.423
45	66	5.420
45	67	4.530
45	68	1.980
45	69	4.409
45	70	4.249
45	71	2.187
45	72	2.123
45	73	3.479
45	74	3.598
45	75	3.573
45	76	3.304
45	77	2.633
45	78	2.646
45	79	3.891
45	80	2.777
45	81	4.746
45	82	1.803
45	83	0.000
45	84	0.000
45	85	0.320
45	86	4.385
45	87	0.033
45	88	2.352
45	89	1.421
45	90	2.978
45	91	2.295
45	92	0.997
45	93	3.149
45	94	0.417
45	95	0.000
45	96	0.000
45	97	0.000
45	98	0.000
45	99	0.711
45	100	0.000
45	101	2.996
45	102	1.493
45	103	0.000
45	104	0.062
45	105	1.760
45	106	0.000
45	107	2.177
45	108	1.333
45	109	1.941
45	110	1.328
45	111	0.000
45	112	2.632
45	113	2.891
45	114	0.000
45	115	1.677
45	116	2.784
45	117	3.182
45	118	0.658
45	119	2.836
46	46	8.000
46	47	5.898
46	48	8.580
46	49	9.293
46	50	5.969
46	51	7.302
46	52	6.181
46	53	6.943
46	54	5.152
46	55	4.781
46	56	5.102
46	57	7.059
46	58	3.106
46	59	8.742
46	60	5.321
46	61	3.166
46	62	5.620
46	63	4.461
46	64	5.370
46	65	5.337
46	66	4.993
46	67	4.512
46	68	2.751
46	69	4.555
46	70	3.902
46	71	4.872
46	72	4.675
46	73	3.200
46	74	2.519
46	75	6.204
46	76	3.017
46	77	5.280
46	78	2.480
46	79	1.082
46	80	0.332
46	81	2.507
46	82	3.254
46	83	0.766
46	84	1.434
46	85	3.161
46	86	0.410
46	87	2.212
46	88	0.368
46	89	0.000
46	90	0.000
46	91	1.609
46	92	1.339
46	93	0.000
46	94	0.000
46	95	0.785
46	96	0.975
46	97	0.571
46	98	1.836
46	99	1.190
46	100	3.948
46	101	2.320
46	102	1.111
46	103	0.000
46	104	2.940
46	105	0.211
46	106	2.483
46	107	1.552
46	108	4.645
46	109	0.000
46	110	0.899
46	111	1.374
46	112	0.370
46	113	1.949
46	114	0.383
46	115	0.000
46	116	1.067
46	117	0.000
46	118	0.800
46	119	0.951
47	47	8.000
47	48	8.782
47	49	5.950
47	50	7.504
47	51	5.226
47	52	8.095
47	53	7.027
47	54	6.150
47	55	5.970
47	56	7.163
47	57	6.444
47	58	5.146
47	59	4.577
47	60	4.788
47	61	5.123
47	62	3.648
47	63	4.336
47	64	3.029
47	65	5.528
47	66	3.976
47	67	5.870
47	68	4.671
47	69	3.158
47	70	3.302
47	71	4.394
47	72	5.290
47	73	4.016
47	74	2.688
47	75	2.621
47	76	4.609
47	77	3.284
47	78	5.054
47	79	5.870
47	80	1.510
47	81	1.589
47	82	0.000
47	83	2.576
47	84	4.214
47	85	1.845
47	86	3.593
47	87	0.633
47	88	0.384
47	89	0.000
47	90	1.843
47	91	0.756
47	92	0.000
47	93	0.000
47	94	0.000
47	95	5.485
47	96	0.920
47	97	0.902
47	98	0.813
47	99	3.115
47	100	6.032
47	101	0.000
47	102	2.125
47	103	2.721
47	104	2.669
47	105	0.684
47	106	0.830
47	107	0.000
47	108	2.123
47	109	0.330
47	110	0.151
47	111	0.171
47	112	2.276
47	113	0.210
47	114	0.000
47	115	1.614
47	116	0.000
47	117	4.012
47	118	0.000
47	119	2.381
48	48	8.000
48	49	5.386
48	50	5.173
48	51	7.965
48	52	7.931
48	53	6.993
48	54	5.815
48	55	7.182
48	56	7.617
48	57	6.074
48	58	4.116
48	59	4.649
48	60	5.719
48	61	4.923
48	62	4.830
48	63	7.153
48	64	5.412
48	65	4.150
48	66	6.479
48	67	6.675
48	68	3.561
48	69	3.343
48	70	1.443
48	71	0.999
48	72	2.440
48	73	6.986
48	74	3.120
48	75	2.844
48	76	2.313
48	77	3.545
48	78	2.760
48	79	1.922
48	80	2.433
48	81	0.388
48	82	6.923
48	83	0.955
48	84	1.234
48	85	2.453
48	86	0.000
48	87	0.000
48	88	0.000
48	89	3.340
48	90	4.692
48	91	1.690
48	92	1.216
48	93	1.797
48	94	0.000
48	95	0.000
48	96	0.000
48	97	1.672
48	98	0.428
48	99	0.000
48	100	3.460
48	101	0.000
48	102	1.405
48	103	0.000
48	104	1.618
48	105	0.000
48	106	0.705
48	107	0.000
48	108	0.000
48	109	0.965
48	110	1.854
48	111	0.000
48	112	0.000
48	113	4.726
48	114	0.000
48	115	3.217
48	116	1.702
48	117	0.871
48	118	0.000
48	119	0.521
49	49	8.000
49	50	7.375
49	51	9.070
49	52	5.597
49	53	7.342
49	54	9.097
49	55	5.694
49	56	3.484
49	57	6.185
49	58	7.778
49	59	4.977
49	60	7.455
49	61	5.043
49	62	2.905
49	63	5.013
49	64	4.747
49	65	4.119
49	66	3.950
49	67	3.801
49	68	6.200
49	69	3.663
49	70	4.790
49	71	3.430
49	72	3.478
49	73	2.242
49	74	4.680
49	75	1.711
49	76	3.217
49	77	3.157
49	78	4.115
49	79	2.699
49	80	6.015
49	81	0.965
49	82	1.648
49	83	2.472
49	84	4.372
49	85	2.918
49	86	0.818
49	87	2.158
49	88	4.580
49	89	2.462
49	90	0.000
49	91	2.522
49	92	4.101
49	93	1.051
49	94	0.745
49	95	0.000
49	96	1.355
49	97	1.526
49	98	3.031
49	99	2.575
49	100	0.000
49	101	1.446
49	102	3.314
49	103	0.000
49	104	2.427
49	105	0.000
49	106	0.131
49	107	2.047
49	108	0.584
49	109	1.383
49	110	2.121
49	111	0.435
49	112	0.000
49	113	0.000
49	114	1.132
49	115	0.846
49	116	0.000
49	117	3.597
49	118	1.163
49	119	3.045
50	50	8.000
50	51	6.406
50	52	7.828
50	53	8.827
50	54	4.288
50	55	6.261
50	56	6.936
50	57	6.577
50	58	5.964
50	59	8.693
50	60	4.391
50	61	6.932
50	62	3.830
50	63	4.609
50	64	4.829
50	65	4.171
50	66	3.264
50	67	4.053
50	68	3.208
50	69	5.497
50	70	3.894
50	71	1.693
50	72	3.843
50	73	2.406
50	74	2.725
50	75	3.852
50	76	3.613
50	77	3.831
50	78	2.443
50	79	1.838
50	80	0.000
50	81	1.123
50	82	0.128
50	83	3.348
50	84	4.149
50	85	0.000
50	86	0.000
50	87	0.677
50	88	1.249
50	89	0.996
50	90	0.223
50	91	2.024
50	92	0.164
50	93	0.611
50	94	0.000
50	95	0.000
50	96	0.000
50	97	0.735
50	98	0.850
50	99	0.101
50	100	3.831
50	101	2.374
50	102	3.985
50	103	0.312
50	104	0.142
50	105	4.354
50	106	0.597
50	107	0.000
50	108	1.998
50	109	0.000
50	110	2.545
50	111	3.066
50	112	0.071
50	113	1.640
50	114	0.000
50	115	2.049
50	116	2.489
50	117	0.000
50	118	0.000
50	119	0.702
51	51	8.000
51	52	8.227
51	53	8.689
51	54	8.081
51	55	7.341
51	56	5.265
51	57	5.022
51	58	7.259
51	59	6.078
51	60	5.295
51	61	4.034
51	62	5.429
51	63	3.251
51	64	4.030
51	65	6.986
51	66	4.565
51	67	6.860
51	68	3.167
51	69	5.802
51	70	2.568
51	71	5.122
51	72	5.129
51	73	4.993
51	74	5.149
51	75	4.996
51	76	2.610
51	77	4.934
51	78	3.861
51	79	5.730
51	80	1.110
51	81	4.029
51	82	0.000
51	83	1.218
51	84	1.826
51	85	0.958
51	86	0.773
51	87	3.880
51	88	1.721
51	89	0.000
51	90	2.475
51	91	0.364
51	92	3.843
51	93	1.547
51	94	0.448
51	95	0.732
51	96	1.288
51	97	3.402
51	98	0.668
51	99	0.000
51	100	2.503
51	101	0.000
51	102	1.574
51	103	0.000
51	104	2.012
51	105	0.000
51	106	0.576
51	107	0.000
51	108	1.193
51	109	3.980
51	110	2.389
51	111	0.000
51	112	3.530
51	113	3.636
51	114	2.552
51	115	2.100
51	116	2.880
51	117	0.000
51	118	3.064
51	119	2.299
52	52	8.000
52	53	6.952
52	54	7.830
52	55	8.957
52	56	8.000
52	57	4.157
52	58	6.717
52	59	3.720
52	60	6.265
52	61	5.149
52	62	4.308
52	63	4.526
52	64	4.652
52	65	4.435
52	66	4.373
52	67	6.072
52	68	8.453
52	69	5.420
52	70	3.284
52	71	4.622
52	72	3.195
52	73	6.604
52	74	4.155
52	75	4.878
52	76	4.407
52	77	4.415
52	78	0.542
52	79	4.668
52	80	2.147
52	81	1.856
52	82	1.063
52	83	3.023
52	84	0.000
52	85	0.901
52	86	0.333
52	87	0.000
52	88	1.397
52	89	0.000
52	90	3.978
52	91	2.272
52	92	2.129
52	93	3.051
52	94	3.428
52	95	0.000
52	96	0.148
52	97	3.059
52	98	1.787
52	99	1.162
52	100	2.303
52	101	2.500
52	102	0.924
52	103	2.063
52	104	0.253
52	105	2.499
52	106	0.079
52	107	0.128
52	108	2.419
52	109	0.015
52	110	2.148
52	111	0.777
52	112	1.906
52	113	2.401
52	114	1.365
52	115	1.736
52	116	1.300
52	117	0.910
52	118	1.040
52	119	0.494
53	53	8.000
53	54	6.001
53	55	8.598
53	56	6.195
53	57	6.914
53	58	5.300
53	59	7.540
53	60	6.787
53	61	4.450
53	62	4.479
53	63	6.563
53	64	2.434
53	65	4.553
53	66	2.512
53	67	4.726
53	68	2.877
53	69	7.264
53	70	4.395
53	71	5.824
53	72	3.283
53	73	3.747
53	74	5.579
53	75	1.798
53	76	4.840
53	77	5.608
53	78	5.522
53	79	3.272
53	80	2.043
53	81	0.263
53	82	1.878
53	83	2.135
53	84	1.067
53	85	3.119
53	86	0.212
53	87	2.007
53	88	3.778
53	89	2.707
53	90	2.370
53	91	0.023
53	92	0.000
53	93	1.175
53	94	2.624
53	95	0.000
53	96	0.000
53	97	0.846
53	98	0.000
53	99	2.966
53	100	2.060
53	101	2.922
53	102	1.605
53	103	1.871
53	104	3.021
53	105	0.274
53	106	0.000
53	107	4.272
53	108	0.000
53	109	1.346
53	110	4.859
53	111	0.377
53	112	2.005
53	113	0.486
53	114	0.000
53	115	1.103
53	116	2.679
53	117	1.925
53	118	2.565
53	119	1.821
54	54	8.000
54	55	7.638
54	56	6.448
54	57	6.405
54	58	6.564
54	59	6.932
54	60	8.321
54	61	8.601
54	62	5.766
54	63	5.534
54	64	5.643
54	65	6.271
54	66	6.006
54	67	7.568
54	68	7.640
54	69	6.954
54	70	4.933
54	71	4.308
54	72	6.317
54	73	4.168
54	74	0.716
54	75	1.157
54	76	5.470
54	77	3.060
54	78	3.723
54	79	4.321
54	80	5.366
54	81	1.294
54	82	1.338
54	83	0.000
54	84	0.308
54	85	5.004
54	86	4.725
54	87	0.000
54	88	0.000
54	89	0.591
54	90	2.477
54	91	0.000
54	92	0.000
54	93	0.000
54	94	0.000
54	95	0.000
54	96	4.365
54	97	1.888
54	98	4.685
54	99	3.817
54	100	4.048
54	101	0.127
54	102	0.924
54	103	2.951
54	104	0.000
54	105	2.969
54	106	1.577
54	107	0.000
54	108	0.211
54	109	2.529
54	110	0.000
54	111	0.050
54	112	1.196
54	113	1.556
54	114	0.807
54	115	1.292
54	116	1.294
54	117	0.942
54	118	0.000
54	119	3.161
55	55	8.000
55	56	8.286
55	57	5.901
55	58	10.392
55	59	5.669
55	60	5.300
55	61	6.221
55	62	6.114
55	63	6.384
55	64	5.185
55	65	4.275
55	66	4.080
55	67	4.764
55	68	2.998
55	69	5.007
55	70	5.073
55	71	7.470
55	72	2.031
55	73	5.194
55	74	4.772
55	75	2.220
55	76	2.734
55	77	3.972
55	78	5.200
55	79	2.253
55	80	0.743
55	81	2.923
55	82	1.017
55	83	0.000
55	84	2.234
55	85	3.421
55	86	2.959
55	87	3.245
55	88	3.651
55	89	0.000
55	90	3.926
55	91	1.245
55	92	2.414
55	93	2.066
55	94	0.000
55	95	0.000
55	96	1.163
55	97	0.000
55	98	0.151
55	99	0.000
55	100	2.830
55	101	3.348
55	102	3.121
55	103	3.169
55	104	1.352
55	105	0.000
55	106	3.884
55	107	0.000
55	108	0.000
55	109	2.914
55	110	2.589
55	111	0.000
55	112	1.419
55	113	2.384
55	114	0.000
55	115	2.802
55	116	0.000
55	117	1.286
55	118	2.149
55	119	0.075
56	56	8.000
56	57	7.772
56	58	8.348
56	59	5.576
56	60	4.751
56	61	7.934
56	62	8.332
56	63	7.330
56	64	3.933
56	65	6.271
56	66	5.227
56	67	2.507
56	68	6.139
56	69	0.941
56	70	8.292
56	71	4.516
56	72	5.254
56	73	5.352
56	74	3.966
56	75	4.560
56	76	4.147
56	77	3.947
56	78	4.899
56	79	4.569
56	80	3.768
56	81	2.082
56	82	2.285
56	83	1.351
56	84	3.345
56	85	2.158
56	86	1.250
56	87	1.322
56	88	2.113
56	89	0.000
56	90	2.672
56	91	0.831
56	92	1.176
56	93	1.163
56	94	2.284
56	95	0.000
56	96	1.033
56	97	0.384
56	98	1.019
56	99	3.013
56	100	3.584
56	101	2.758
56	102	1.961
56	103	0.000
56	104	1.308
56	105	1.366
56	106	0.828
56	107	2.680
56	108	2.709
56	109	0.986
56	110	0.000
56	111	0.000
56	112	0.170
56	113	0.649
56	114	2.694
56	115	1.028
56	116	1.325
56	117	0.321
56	118	0.000
56	119	1.749
57	57	8.000
57	58	8.107
57	59	6.230
57	60	6.899
57	61	7.980
57	62	8.620
57	63	7.850
57	64	7.110
57	65	7.196
57	66	5.532
57	67	3.159
57	68	7.739
57	69	4.367
57	70	3.337
57	71	4.810
57	72	5.501
57	73	4.005
57	74	5.342
57	75	4.568
57	76	3.690
57	77	5.681
57	78	4.975
57	79	5.629
57	80	1.451
57	81	1.981
57	82	1.745
57	83	0.745
57	84	1.131
57	85	3.923
57	86	1.136
57	87	1.535
57	88	4.099
57	89	1.332
57	90	0.084
57	91	2.530
57	92	0.688
57	93	3.389
57	94	2.083
57	95	2.569
57	96	0.000
57	97	0.428
57	98	3.448
57	99	0.000
57	100	0.275
57	101	3.137
57	102	0.000
57	103	0.568
57	104	1.196
57	105	0.000
57	106	0.908
57	107	0.000
57	108	1.917
57	109	3.171
57	110	0.000
57	111	5.146
57	112	3.000
57	113	0.000
57	114	2.575
57	115	0.000
57	116	3.863
57	117	0.000
57	118	0.296
57	119	0.798
58	58	8.000
58	59	6.777
58	60	6.393
58	61	8.721
58	62	6.385
58	63	3.164
58	64	4.909
58	65	5.107
58	66	7.511
58	67	5.215
58	68	4.489
58	69	6.357
58	70	4.868
58	71	4.205
58	72	7.003
58	73	5.166
58	74	5.420
58	75	3.347
58	76	5.402
58	77	6.336
58	78	4.766
58	79	4.071
58	80	4.326
58	81	1.385
58	82	3.981
58	83	2.352
58	84	0.836
58	85	2.587
58	86	3.718
58	87	1.730
58	88	0.000
58	89	2.962
58	90	0.957
58	91	0.000
58	92	2.833
58	93	3.506
58	94	3.080
58	95	0.000
58	96	0.783
58	97	1.435
58	98	2.547
58	99	2.672
58	100	0.000
58	101	3.752
58	102	2.368
58	103	0.843
58	104	2.446
58	105	1.058
58	106	1.075
58	107	0.751
58	108	0.000
58	109	0.493
58	110	0.684
58	111	2.222
58	112	1.108
58	113	3.226
58	114	1.342
58	115	1.118
58	116	2.212
58	117	0.000
58	118	1.071
58	119	0.997
59	59	8.000
59	60	7.162
59	61	6.726
59	62	7.234
59	63	6.494
59	64	7.829
59	65	4.588
59	66	6.193
59	67	5.012
59	68	7.303
59	69	8.726
59	70	3.722
59	71	4.732
59	72	3.395
59	73	2.500
59	74	4.325
59	75	4.579
59	76	6.099
59	77	4.521
59	78	1.841
59	79	2.650
59	80	1.482
59	81	5.149
59	82	3.447
59	83	2.928
59	84	0.000
59	85	1.755
59	86	3.167
59	87	0.000
59	88	0.000
59	89	2.295
59	90	0.000
59	91	4.331
59	92	1.057
59	93	1.563
59	94	2.969
59	95	0.000
59	96	1.813
59	97	1.380
59	98	3.556
59	99	0.125
59	100	1.743
59	101	2.926
59	102	1.956
59	103	1.271
59	104	0.631
59	105	1.575
59	106	2.596
59	107	0.347
59	108	0.848
59	109	2.649
59	110	0.000
59	111	3.215
59	112	2.117
59	113	2.635
59	114	1.612
59	115	0.000
59	116	0.000
59	117	4.026
59	118	2.667
59	119	0.704
60	60	8.000
60	61	6.723
60	62	7.401
60	63	7.928
60	64	9.320
60	65	3.351
60	66	5.910
60	67	3.857
60	68	5.581
60	69	4.371
60	70	5.434
60	71	3.611
60	72	4.089
60	73	6.733
60	74	5.195
60	75	4.462
60	76	3.246
60	77	2.557
60	78	7.824
60	79	5.514
60	80	0.192
60	81	3.140
60	82	2.043
60	83	1.354
60	84	5.372
60	85	2.793
60	86	4.360
60	87	3.800
60	88	1.631
60	89	0.000
60	90	4.505
60	91	3.024
60	92	0.688
60	93	1.016
60	94	4.638
60	95	0.000
60	96	0.000
60	97	5.255
60	98	0.234
60	99	1.328
60	100	0.000
60	101	2.598
60	102	1.442
60	103	1.700
60	104	2.321
60	105	1.249
60	106	0.811
60	107	0.415
60	108	1.952
60	109	0.000
60	110	3.846
60	111	2.131
60	112	2.095
60	113	1.635
60	114	3.173
60	115	0.000
60	116	4.502
60	117	1.440
60	118	0.818
60	119	1.261
61	61	8.000
61	62	7.167
61	63	6.871
61	64	6.522
61	65	7.813
61	66	7.162
61	67	7.842
61	68	5.479
61	69	4.652
61	70	6.378
61	71	6.642
61	72	6.686
61	73	6.172
61	74	4.897
61	75	2.606
61	76	3.541
61	77	3.374
61	78	4.577
61	79	3.011
61	80	0.000
61	81	2.583
61	82	4.006
61	83	2.629
61	84	2.544
61	85	1.672
61	86	2.862
61	87	2.603
61	88	0.591
61	89	1.149
61	90	1.933
61	91	0.320
61	92	0.825
61	93	4.042
61	94	0.918
61	95	1.381
61	96	2.198
61	97	0.000
61	98	0.698
61	99	0.000
61	100	1.912
61	101	0.000
61	102	0.284
61	103	0.000
61	104	0.000
61	105	0.541
61	106	1.148
61	107	0.399
61	108	2.951
61	109	0.555
61	110	2.168
61	111	2.041
61	112	0.690
61	113	0.000
61	114	1.515
61	115	0.195
61	116	2.431
61	117	2.743
61	118	1.838
61	119	1.123
62	62	8.000
62	63	6.523
62	64	5.415
62	65	7.623
62	66	7.363
62	67	8.350
62	68	6.247
62	69	6.522
62	70	6.954
62	71	5.150
62	72	5.471
62	73	4.107
62	74	4.043
62	75	5.139
62	76	6.224
62	77	5.821
62	78	5.924
62	79	4.202
62	80	0.993
62	81	2.988
62	82	0.000
62	83	1.879
62	84	0.506
62	85	3.663
62	86	3.393
62	87	2.630
62	88	0.536
62	89	2.554
62	90	2.646
62	91	0.684
62	92	0.961
62	93	1.503
62	94	0.000
62	95	1.455
62	96	0.645
62	97	2.433
62	98	0.038
62	99	1.928
62	100	3.114
62	101	2.612
62	102	1.998
62	103	2.341
62	104	0.000
62	105	1.814
62	106	0.385
62	107	0.736
62	108	2.980
62	109	0.839
62	110	1.083
62	111	0.666
62	112	1.857
62	113	4.431
62	114	0.025
62	115	0.000
62	116	1.834
62	117	0.000
62	118	0.505
62	119	0.000
63	63	8.000
63	64	5.226
63	65	6.458
63	66	5.223
63	67	7.034
63	68	6.676
63	69	5.482
63	70	7.187
63	71	4.385
63	72	6.805
63	73	6.079
63	74	7.313
63	75	4.475
63	76	6.008
63	77	3.159
63	78	4.044
63	79	1.952
63	80	0.628
63	81	1.032
63	82	1.066
63	83	3.936
63	84	3.343
63	85	3.775
63	86	5.004
63	87	3.379
63	88	1.939
63	89	3.701
63	90	0.000
63	91	0.208
63	92	1.705
63	93	0.000
63	94	1.838
63	95	1.127
63	96	0.262
63	97	0.000
63	98	1.816
63	99	0.000
63	100	3.815
63	101	1.233
63	102	2.456
63	103	2.120
63	104	1.477
63	105	3.143
63	106	1.358
63	107	0.060
63	108	0.962
63	109	3.624
63	110	1.053
63	111	0.000
63	112	0.000
63	113	1.886
63	114	0.343
63	115	0.326
63	116	0.628
63	117	0.691
63	118	2.345
63	119	0.000
64	64	8.000
64	65	7.929
64	66	4.206
64	67	9.467
64	68	9.014
64	69	4.736
64	70	8.600
64	71	6.171
64	72	5.609
64	73	7.773
64	74	6.542
64	75	6.311
64	76	5.138
64	77	5.526
64	78	5.389
64	79	3.410
64	80	3.627
64	81	2.895
64	82	1.616
64	83	3.738
64	84	2.415
64	85	0.000
64	86	0.344
64	87	4.628
64	88	1.157
64	89	0.000
64	90	1.431
64	91	2.405
64	92	0.723
64	93	3.031
64	94	1.878
64	95	0.257
64	96	0.000
64	97	0.117
64	98	1.444
64	99	0.445
64	100	1.885
64	101	2.634
64	102	1.107
64	103	0.756
64	104	0.000
64	105	0.000
64	106	1.062
64	107	2.301
64	108	1.708
64	109	0.907
64	110	0.788
64	111	0.976
64	112	2.941
64	113	2.770
64	114	1.052
64	115	1.624
64	116	1.694
64	117	1.214
64	118	0.014
64	119	2.796
65	65	8.000
65	66	7.107
65	67	8.267
65	68	6.924
65	69	9.301
65	70	5.738
65	71	6.767
65	72	7.182
65	73	4.680
65	74	5.300
65	75	3.944
65	76	6.193
65	77	3.327
65	78	6.555
65	79	4.546
65	80	3.087
65	81	0.277
65	82	5.171
65	83	0.000
65	84	2.540
65	85	0.000
65	86	0.805
65	87	0.000
65	88	3.459
65	89	1.745
65	90	1.915
65	91	4.506
65	92	3.504
65	93	1.131
65	94	1.452
65	95	1.777
65	96	0.000
65	97	1.842
65	98	4.413
65	99	2.830
65	100	1.530
65	101	0.719
65	102	2.110
65	103	0.000
65	104	0.000
65	105	2.342
65	106	1.876
65	107	3.602
65	108	0.463
65	109	0.928
65	110	1.681
65	111	0.526
65	112	2.350
65	113	0.626
65	114	0.000
65	115	1.911
65	116	1.632
65	117	2.696
65	118	2.414
65	119	0.000
66	66	8.000
66	67	5.363
66	68	5.092
66	69	6.120
66	70	8.166
66	71	6.205
66	72	2.991
66	73	4.532
66	74	6.008
66	75	6.390
66	76	5.522
66	77	5.998
66	78	4.766
66	79	3.454
66	80	1.241
66	81	4.826
66	82	0.000
66	83	2.712
66	84	1.556
66	85	2.784
66	86	0.851
66	87	1.744
66	88	3.422
66	89	0.000
66	90	0.000
66	91	3.578
66	92	1.008
66	93	1.595
66	94	2.011
66	95	0.000
66	96	2.777
66	97	2.209
66	98	0.000
66	99	1.029
66	100	1.529
66	101	0.856
66	102	3.364
66	103	0.000
66	104	1.113
66	105	0.686
66	106	2.724
66	107	2.458
66	108	2.326
66	109	0.000
66	110	0.880
66	111	0.000
66	112	2.363
66	113	2.601
66	114	0.000
66	115	2.590
66	116	0.964
66	117	0.000
66	118	2.256
66	119	1.361
67	67	8.000
67	68	8.335
67	69	5.801
67	70	8.048
67	71	7.666
67	72	6.320
67	73	6.811
67	74	5.988
67	75	3.315
67	76	6.006
67	77	7.887
67	78	5.684
67	79	4.194
67	80	2.289
67	81	0.554
67	82	2.767
67	83	0.000
67	84	1.913
67	85	1.520
67	86	0.867
67	87	1.218
67	88	1.489
67	89	1.357
67	90	1.024
67	91	0.000
67	92	0.619
67	93	0.334
67	94	3.488
67	95	2.851
67	96	1.489
67	97	2.538
67	98	0.000
67	99	4.205
67	100	2.982
67	101	3.291
67	102	1.819
67	103	3.755
67	104	0.000
67	105	0.056
67	106	1.472
67	107	0.000
67	108	3.237
67	109	1.197
67	110	1.727
67	111	3.556
67	112	2.035
67	113	0.205
67	114	0.237
67	115	5.479
67	116	0.000
67	117	0.000
67	118	0.000
67	119	0.141
68	68	8.000
68	69	6.389
68	70	7.450
68	71	6.434
68	72	3.819
68	73	6.290
68	74	7.105
68	75	6.163
68	76	7.869
68	77	4.573
68	78	4.398
68	79	6.700
68	80	2.672
68	81	4.091
68	82	2.205
68	83	1.930
68	84	5.670
68	85	3.282
68	86	2.624
68	87	1.418
68	88	1.144
68	89	2.740
68	90	3.341
68	91	1.239
68	92	2.204
68	93	0.000
68	94	2.153
68	95	0.063
68	96	1.263
68	97	0.974
68	98	0.408
68	99	0.000
68	100	2.239
68	101	0.238
68	102	5.137
68	103	1.165
68	104	1.408
68	105	1.509
68	106	1.119
68	107	0.000
68	108	0.244
68	109	2.170
68	110	1.356
68	111	1.509
68	112	0.130
68	113	3.991
68	114	2.210
68	115	0.000
68	116	0.000
68	117	2.752
68	118	3.262
68	119	0.000
69	69	8.000
69	70	7.751
69	71	6.321
69	72	5.184
69	73	7.007
69	74	6.424
69	75	6.678
69	76	8.824
69	77	4.526
69	78	6.097
69	79	4.735
69	80	2.732
69	81	3.158
69	82	0.000
69	83	5.560
69	84	3.443
69	85	2.426
69	86	2.769
69	87	3.136
69	88	2.723
69	89	0.056
69	90	3.777
69	91	2.777
69	92	4.611
69	93	3.228
69	94	0.000
69	95	3.401
69	96	0.450
69	97	2.804
69	98	1.358
69	99	2.028
69	100	0.324
69	101	2.435
69	102	4.091
69	103	1.245
69	104	0.502
69	105	4.121
69	106	0.689
69	107	1.048
69	108	1.949
69	109	3.632
69	110	2.938
69	111	0.413
69	112	1.677
69	113	2.452
69	114	2.981
69	115	4.044
69	116	0.000
69	117	2.028
69	118	4.282
69	119	2.399
70	70	8.000
70	71	8.713
70	72	9.576
70	73	5.166
70	74	6.643
70	75	6.891
70	76	7.003
70	77	5.824
70	78	6.021
70	79	6.167
70	80	3.115
70	81	3.528
70	82	2.063
70	83	1.060
70	84	2.529
70	85	5.734
70	86	2.851
70	87	2.652
70	88	0.634
70	89	3.292
70	90	0.990
70	91	3.005
70	92	0.000
70	93	1.008
70	94	2.990
70	95	2.428
70	96	3.486
70	97	1.616
70	98	3.050
70	99	3.124
70	100	1.164
70	101	2.151
70	102	2.036
70	103	3.936
70	104	3.460
70	105	1.744
70	106	1.492
70	107	1.394
70	108	0.686
70	109	0.904
70	110	2.956
70	111	0.000
70	112	1.461
70	113	2.902
70	114	0.425
70	115	0.000
70	116	0.557
70	117	1.486
70	118	0.000
70	119	0.000
71	71	8.000
71	72	7.861
71	73	5.532
71	74	8.087
71	75	6.965
71	76	4.839
71	77	6.254
71	78	5.410
71	79	5.623
71	80	4.349
71	81	3.962
71	82	4.510
71	83	2.921
71	84	3.846
71	85	4.333
71	86	0.669
71	87	4.849
71	88	1.970
71	89	3.864
71	90	6.843
71	91	1.279
71	92	1.285
71	93	0.000
71	94	2.671
71	95	2.532
71	96	2.519
71	97	2.129
71	98	3.410
71	99	1.442
71	100	0.000
71	101	0.000
71	102	1.211
71	103	0.000
71	104	1.917
71	105	0.000
71	106	2.753
71	107	0.765
71	108	1.751
71	109	2.891
71	110	2.363
71	111	1.387
71	112	0.727
71	113	1.206
71	114	0.000
71	115	0.000
71	116	2.936
71	117	1.273
71	118	1.191
71	119	1.705
72	72	8.000
72	73	9.296
72	74	7.757
72	75	6.865
72	76	8.185
72	77	6.233
72	78	4.442
72	79	6.166
72	80	2.821
72	81	3.454
72	82	4.339
72	83	4.232
72	84	5.183
72	85	2.389
72	86	2.881
72	87	3.411
72	88	4.122
72	89	4.749
72	90	5.226
72	91	2.746
72	92	1.238
72	93	0.000
72	94	0.478
72	95	2.234
72	96	3.335
72	97	3.310
72	98	0.357
72	99	1.180
72	100	0.000
72	101	2.103
72	102	1.479
72	103	3.616
72	104	1.787
72	105	0.000
72	106	3.144
72	107	1.942
72	108	1.556
72	109	0.350
72	110	2.108
72	111	0.090
72	112	2.149
72	113	1.097
72	114	2.649
72	115	0.000
72	116	0.000
72	117	4.947
72	118	4.453
72	119	1.446
73	73	8.000
73	74	5.924
73	75	7.320
73	76	6.902
73	77	2.892
73	78	8.773
73	79	5.815
73	80	2.799
73	81	2.638
73	82	3.882
73	83	5.430
73	84	1.639
73	85	3.208
73	86	4.492
73	87	4.272
73	88	3.146
73	89	0.634
73	90	3.296
73	91	2.192
73	92	3.886
73	93	4.031
73	94	3.081
73	95	2.179
73	96	0.647
73	97	1.104
73	98	1.859
73	99	1.103
73	100	1.124
73	101	0.000
73	102	4.169
73	103	7.612
73	104	1.921
73	105	4.475
73	106	1.691
73	107	1.618
73	108	0.610
73	109	2.951
73	110	2.209
73	111	3.191
73	112	0.000
73	113	4.724
73	114	0.797
73	115	1.042
73	116	2.049
73	117	0.474
73	118	0.857
73	119	0.629
74	74	8.000
74	75	8.249
74	76	5.710
74	77	8.637
74	78	6.011
74	79	6.028
74	80	2.982
74	81	4.416
74	82	5.300
74	83	2.064
74	84	4.301
74	85	2.664
74	86	4.941
74	87	4.303
74	88	0.244
74	89	4.576
74	90	4.024
74	91	1.814
74	92	4.882
74	93	0.052
74	94	2.477
74	95	0.000
74	96	0.287
74	97	2.664
74	98	1.591
74	99	0.000
74	100	0.000
74	101	0.290
74	102	2.692
74	103	0.749
74	104	5.291
74	105	0.434
74	106	1.606
74	107	1.628
74	108	1.169
74	109	2.016
74	110	0.000
74	111	4.376
74	112	0.000
74	113	4.201
74	114	2.151
74	115	1.182
74	116	2.626
74	117	1.937
74	118	2.281
74	119	2.414
75	75	8.000
75	76	6.705
75	77	8.122
75	78	5.481
75	79	7.218
75	80	3.942
75	81	3.001
75	82	3.605
75	83	3.166
75	84	3.220
75	85	3.476
75	86	3.774
75	87	3.759
75	88	1.323
75	89	2.366
75	90	4.321
75	91	2.997
75	92	2.447
75	93	2.806
75	94	0.396
75	95	0.810
75	96	3.228
75	97	1.156
75	98	2.689
75	99	3.142
75	100	0.683
75	101	0.473
75	102	2.141
75	103	1.034
75	104	2.459
75	105	1.895
75	106	0.945
75	107	0.000
75	108	1.931
75	109	1.261
75	110	3.176
75	111	1.123
75	112	0.000
75	113	0.364
75	114	1.417
75	115	0.000
75	116	0.400
75	117	2.782
75	118	0.517
75	119	2.301
76	76	8.000
76	77	6.441
76	78	7.131
76	79	6.048
76	80	4.159
76	81	6.138
76	82	2.522
76	83	1.531
76	84	4.329
76	85	4.558
76	86	5.418
76	87	2.800
76	88	4.392
76	89	3.706
76	90	4.381
76	91	2.560
76	92	2.208
76	93	1.495
76	94	5.507
76	95	1.871
76	96	1.810
76	97	1.946
76	98	0.000
76	99	0.155
76	100	2.675
76	101	3.206
76	102	1.608
76	103	3.758
76	104	0.000
76	105	3.228
76	106	4.391
76	107	0.000
76	108	0.000
76	109	0.015
76	110	1.272
76	111	4.007
76	112	1.925
76	113	0.679
76	114	1.333
76	115	2.253
76	116	3.529
76	117	2.504
76	118	1.594
76	119	1.559
77	77	8.000
77	78	6.856
77	79	8.476
77	80	4.543
77	81	2.793
77	82	0.890
77	83	5.007
77	84	4.050
77	85	2.764
77	86	5.051
77	87	4.602
77	88	6.019
77	89	2.101
77	90	4.886
77	91	2.723
77	92	0.321
77	93	2.757
77	94	1.695
77	95	4.192
77	96	0.596
77	97	0.982
77	98	0.442
77	99	2.413
77	100	3.952
77	101	1.687
77	102	2.161
77	103	2.484
77	104	2.912
77	105	2.725
77	106	2.051
77	107	1.606
77	108	3.333
77	109	0.473
77	110	0.000
77	111	1.031
77	112	3.394
77	113	2.029
77	114	1.346
77	115	0.750
77	116	0.000
77	117	0.000
77	118	0.000
77	119	0.000
78	78	8.000
78	79	7.235
78	80	6.550
78	81	5.229
78	82	6.079
78	83	6.287
78	84	4.493
78	85	3.674
78	86	2.989
78	87	3.126
78	88	1.369
78	89	2.822
78	90	3.402
78	91	3.321
78	92	2.837
78	93	4.045
78	94	4.640
78	95	1.646
78	96	0.146
78	97	4.659
78	98	1.862
78	99	2.670
78	100	2.292
78	101	0.000
78	102	4.039
78	103	2.945
78	104	1.359
78	105	2.906
78	106	1.974
78	107	0.656
78	108	1.594
78	109	0.000
78	110	0.000
78	111	1.809
78	112	1.832
78	113	2.334
78	114	0.870
78	115	3.235
78	116	1.271
78	117	0.770
78	118	2.936
78	119	1.526
79	79	8.000
79	80	5.757
79	81	8.460
79	82	5.033
79	83	5.228
79	84	3.671
79	85	3.703
79	86	1.762
79	87	4.622
79	88	3.897
79	89	7.280
79	90	3.162
79	91	3.445
79	92	1.650
79	93	2.325
79	94	1.591
79	95	1.392
79	96	0.903
79	97	2.534
79	98	1.788
79	99	3.647
79	100	2.229
79	101	1.418
79	102	1.174
79	103	0.025
79	104	2.614
79	105	1.795
79	106	1.506
79	107	0.000
79	108	0.618
79	109	0.000
79	110	0.192
79	111	2.895
79	112	1.538
79	113	1.243
79	114	0.000
79	115	2.228
79	116	0.000
79	117	0.000
79	118	2.460
79	119	2.397
80	80	8.000
80	81	6.023
80	82	9.282
80	83	6.683
80	84	5.434
80	85	6.819
80	86	5.411
80	87	6.038
80	88	7.291
80	89	6.078
80	90	8.168
80	91	6.536
80	92	4.340
80	93	6.408
80	94	6.679
80	95	3.424
80	96	5.322
80	97	5.779
80	98	6.097
80	99	6.501
80	100	4.701
80	101	4.177
80	102	6.287
80	103	5.568
80	104	3.213
80	105	3.629
80	106	3.271
80	107	2.954
80	108	5.605
80	109	4.882
80	110	2.178
80	111	3.382
80	112	4.818
80	113	3.557
80	114	1.696
80	115	1.326
80	116	3.916
80	117	1.733
80	118	2.257
80	119	5.869
81	81	8.000
81	82	8.957
81	83	6.849
81	84	7.005
81	85	7.282
81	86	6.722
81	87	6.318
81	88	8.301
81	89	5.677
81	90	6.039
81	91	5.320
81	92	5.889
81	93	4.029
81	94	6.045
81	95	5.409
81	96	6.556
81	97	4.706
81	98	4.172
81	99	4.552
81	100	6.660
81	101	7.788
81	102	4.105
81	103	6.441
81	104	2.251
81	105	3.574
81	106	3.676
81	107	5.044
81	108	4.876
81	109	5.073
81	110	4.645
81	111	2.453
81	112	3.637
81	113	2.218
81	114	5.169
81	115	4.176
81	116	3.165
81	117	2.516
81	118	0.000
81	119	0.784
82	82	8.000
82	83	8.339
82	84	7.035
82	85	6.940
82	86	8.010
82	87	7.942
82	88	7.915
82	89	6.893
82	90	3.859
82	91	6.536
82	92	6.122
82	93	5.187
82	94	3.041
82	95	5.907
82	96	5.032
82	97	3.478
82	98	2.026
82	99	5.443
82	100	4.450
82	101	4.474
82	102	4.889
82	103	4.872
82	104	5.017
82	105	4.616
82	106	5.264
82	107	6.805
82	108	2.495
82	109	3.777
82	110	3.989
82	111	2.499
82	112	3.845
82	113	1.281
82	114	4.556
82	115	1.234
82	116	2.560
82	117	1.258
82	118	6.910
82	119	2.725
83	83	8.000
83	84	5.496
83	85	8.944
83	86	6.063
83	87	6.837
83	88	6.197
83	89	3.449
83	90	7.025
83	91	8.848
83	92	3.082
83	93	7.513
83	94	4.286
83	95	7.461
83	96	6.165
83	97	5.924
83	98	6.936
83	99	3.518
83	100	3.602
83	101	6.422
83	102	5.168
83	103	2.931
83	104	5.641
83	105	1.404
83	106	2.093
83	107	4.013
83	108	4.583
83	109	5.177
83	110	3.558
83	111	1.794
83	112	1.891
83	113	3.699
83	114	2.216
83	115	2.688
83	116	5.144
83	117	5.171
83	118	2.244
83	119	4.150
84	84	8.000
84	85	9.791
84	86	8.310
84	87	5.930
84	88	7.980
84	89	5.604
84	90	6.897
84	91	4.185
84	92	4.683
84	93	5.672
84	94	5.314
84	95	5.846
84	96	3.808
84	97	0.655
84	98	5.843
84	99	5.341
84	100	5.011
84	101	4.519
84	102	3.435
84	103	4.324
84	104	5.548
84	105	4.989
84	106	2.466
84	107	3.937
84	108	2.072
84	109	3.746
84	110	6.913
84	111	5.218
84	112	1.595
84	113	1.729
84	114	2.773
84	115	4.048
84	116	3.521
84	117	2.385
84	118	3.465
84	119	3.216
85	85	8.000
85	86	10.370
85	87	8.289
85	88	7.487
85	89	6.942
85	90	8.455
85	91	5.561
85	92	6.829
85	93	3.684
85	94	6.094
85	95	6.640
85	96	6.934
85	97	7.239
85	98	6.410
85	99	5.283
85	100	5.316
85	101	6.666
85	102	3.540
85	103	4.532
85	104	5.224
85	105	5.958
85	106	5.774
85	107	4.775
85	108	0.535
85	109	4.799
85	110	4.646
85	111	4.614
85	112	3.520
85	113	3.296
85	114	6.311
85	115	2.757
85	116	5.401
85	117	4.176
85	118	2.932
85	119	3.719
86	86	8.000
86	87	9.351
86	88	5.070
86	89	5.818
86	90	6.262
86	91	3.172
86	92	3.622
86	93	6.351
86	94	9.719
86	95	4.279
86	96	7.190
86	97	6.108
86	98	4.555
86	99	7.787
86	100	7.271
86	101	5.299
86	102	6.222
86	103	5.692
86	104	4.994
86	105	5.141
86	106	5.979
86	107	4.166
86	108	3.193
86	109	2.788
86	110	5.680
86	111	4.288
86	112	3.069
86	113	2.529
86	114	1.111
86	115	3.618
86	116	3.417
86	117	4.179
86	118	2.896
86	119	2.255
87	87	8.000
87	88	7.422
87	89	7.341
87	90	5.437
87	91	5.163
87	92	6.612
87	93	3.534
87	94	6.905
87	95	5.344
87	96	8.195
87	97	4.076
87	98	4.254
87	99	3.970
87	100	5.750
87	101	4.876
87	102	2.390
87	103	5.616
87	104	4.236
87	105	4.002
87	106	4.222
87	107	2.656
87	108	6.698
87	109	3.409
87	110	1.716
87	111	5.145
87	112	0.621
87	113	3.055
87	114	5.235
87	115	4.402
87	116	7.399
87	117	1.520
87	118	3.593
87	119	4.248
88	88	8.000
88	89	6.157
88	90	6.324
88	91	6.647
88	92	6.706
88	93	4.638
88	94	5.030
88	95	6.750
88	96	3.800
88	97	5.981
88	98	4.682
88	99	7.963
88	100	6.168
88	101	5.388
88	102	5.381
88	103	2.184
88	104	3.498
88	105	3.510
88	106	4.476
88	107	5.173
88	108	4.094
88	109	5.103
88	110	5.527
88	111	3.464
88	112	4.961
88	113	4.946
88	114	5.752
88	115	3.952
88	116	1.582
88	117	4.588
88	118	2.720
88	119	1.188
89	89	8.000
89	90	9.175
89	91	7.775
89	92	6.868
89	93	7.109
89	94	5.484
89	95	6.670
89	96	4.159
89	97	4.936
89	98	8.033
89	99	6.921
89	100	3.268
89	101	4.313
89	102	6.136
89	103	4.008
89	104	5.162
89	105	7.422
89	106	2.140
89	107	5.676
89	108	7.018
89	109	6.037
89	110	3.405
89	111	4.934
89	112	3.443
89	113	1.130
89	114	6.750
89	115	2.143
89	116	2.220
89	117	4.029
89	118	4.408
89	119	3.081
90	90	8.000
90	91	7.105
90	92	7.236
90	93	10.324
90	94	8.088
90	95	9.484
90	96	6.921
90	97	6.075
90	98	6.470
90	99	4.586
90	100	6.244
90	101	3.067
90	102	6.088
90	103	5.604
90	104	5.190
90	105	5.688
90	106	5.044
90	107	5.025
90	108	5.159
90	109	5.488
90	110	1.760
90	111	2.567
90	112	6.161
90	113	3.047
90	114	2.627
90	115	2.742
90	116	2.410
90	117	2.103
90	118	3.326
90	119	4.200
91	91	8.000
91	92	9.413
91	93	8.674
91	94	6.085
91	95	6.664
91	96	6.518
91	97	4.992
91	98	5.034
91	99	6.211
91	100	4.415
91	101	6.925
91	102	6.818
91	103	4.754
91	104	6.070
91	105	7.332
91	106	4.963
91	107	3.212
91	108	3.544
91	109	3.286
91	110	4.902
91	111	3.560
91	112	4.546
91	113	3.498
91	114	5.301
91	115	4.750
91	116	6.184
91	117	2.085
91	118	3.974
91	119	4.879
92	92	8.000
92	93	7.973
92	94	7.828
92	95	8.444
92	96	7.487
92	97	6.864
92	98	7.825
92	99	6.063
92	100	4.690
92	101	6.072
92	102	5.372
92	103	5.735
92	104	5.958
92	105	5.104
92	106	4.008
92	107	3.611
92	108	4.446
92	109	4.586
92	110	2.840
92	111	4.598
92	112	2.151
92	113	2.243
92	114	6.254
92	115	2.720
92	116	3.925
92	117	3.549
92	118	1.908
92	119	7.447
93	93	8.000
93	94	9.064
93	95	8.497
93	96	8.163
93	97	5.443
93	98	4.012
93	99	8.412
93	100	4.831
93	101	8.593
93	102	3.286
93	103	5.142
93	104	4.591
93	105	3.814
93	106	3.963
93	107	3.277
93	108	4.868
93	109	6.065
93	110	3.870
93	111	3.315
93	112	2.876
93	113	2.902
93	114	2.751
93	115	3.307
93	116	5.051
93	117	4.812
93	118	4.396
93	119	2.269
94	94	8.000
94	95	8.184
94	96	6.711
94	97	5.392
94	98	5.705
94	99	5.531
94	100	6.925
94	101	8.043
94	102	5.172
94	103	6.059
94	104	2.630
94	105	3.781
94	106	6.477
94	107	3.610
94	108	6.451
94	109	4.717
94	110	4.732
94	111	6.045
94	112	4.508
94	113	2.854
94	114	2.781
94	115	4.597
94	116	6.444
94	117	6.575
94	118	2.064
94	119	5.593
95	95	8.000
95	96	8.681
95	97	6.029
95	98	8.201
95	99	6.671
95	100	6.866
95	101	5.495
95	102	4.887
95	103	4.205
95	104	5.886
95	105	3.883
95	106	8.824
95	107	5.969
95	108	3.620
95	109	4.745
95	110	3.409
95	111	6.051
95	112	5.428
95	113	4.265
95	114	4.898
95	115	6.217
95	116	3.307
95	117	4.315
95	118	4.292
95	119	3.915
96	96	8.000
96	97	7.692
96	98	6.791
96	99	5.399
96	100	5.314
96	101	7.094
96	102	7.980
96	103	4.829
96	104	7.335
96	105	7.231
96	106	5.636
96	107	5.574
96	108	3.886
96	109	3.063
96	110	5.109
96	111	6.355
96	112	6.376
96	113	5.283
96	114	3.250
96	115	2.336
96	116	3.962
96	117	2.812
96	118	2.839
96	119	2.765
97	97	8.000
97	98	10.214
97	99	7.352
97	100	3.287
97	101	8.009
97	102	7.473
97	103	7.446
97	104	6.244
97	105	7.872
97	106	6.771
97	107	6.779
97	108	6.189
97	109	9.158
97	110	3.516
97	111	4.899
97	112	2.253
97	113	5.321
97	114	3.683
97	115	3.603
97	116	3.249
97	117	3.007
97	118	4.180
97	119	1.662
98	98	8.000
98	99	7.858
98	100	7.916
98	101	7.962
98	102	7.495
98	103	6.595
98	104	7.608
98	105	4.570
98	106	4.740
98	107	5.133
98	108	6.348
98	109	5.870
98	110	6.046
98	111	7.717
98	112	5.084
98	113	5.719
98	114	3.435
98	115	5.311
98	116	2.212
98	117	6.349
98	118	2.746
98	119	4.344
99	99	8.000
99	100	8.248
99	101	10.597
99	102	4.580
99	103	7.231
99	104	7.343
99	105	5.401
99	106	5.518
99	107	3.889
99	108	4.137
99	109	5.379
99	110	6.043
99	111	8.636
99	112	6.222
99	113	6.233
99	114	5.414
99	115	4.924
99	116	7.190
99	117	5.137
99	118	7.307
99	119	4.533
100	100	8.000
100	101	10.352
100	102	7.316
100	103	7.739
100	104	7.317
100	105	7.237
100	106	2.246
100	107	4.929
100	108	7.437
100	109	8.252
100	110	5.168
100	111	6.198
100	112	7.615
100	113	4.174
100	114	3.716
100	115	6.349
100	116	4.789
100	117	3.358
100	118	4.446
100	119	1.887
101	101	8.000
101	102	5.764
101	103	6.013
101	104	6.114
101	105	9.734
101	106	3.943
101	107	9.417
101	108	8.187
101	109	2.946
101	110	4.584
101	111	5.886
101	112	6.482
101	113	4.967
101	114	4.522
101	115	3.459
101	116	3.337
101	117	7.509
101	118	4.869
101	119	2.605
102	102	8.000
102	103	5.873
102	104	6.883
102	105	9.469
102	106	6.156
102	107	6.636
102	108	4.019
102	109	7.278
102	110	4.144
102	111	4.213
102	112	5.682
102	113	4.848
102	114	4.637
102	115	5.269
102	116	5.093
102	117	4.991
102	118	2.282
102	119	2.129
103	103	8.000
103	104	9.054
103	105	6.715
103	106	8.623
103	107	3.666
103	108	7.691
103	109	6.300
103	110	6.052
103	111	7.345
103	112	4.155
103	113	7.631
103	114	4.971
103	115	4.650
103	116	4.128
103	117	2.573
103	118	8.085
103	119	4.519
104	104	8.000
104	105	6.012
104	106	8.062
104	107	6.445
104	108	7.116
104	109	7.434
104	110	9.800
104	111	5.567
104	112	5.852
104	113	7.380
104	114	5.782
104	115	2.834
104	116	2.538
104	117	5.202
104	118	2.921
104	119	5.829
105	105	8.000
105	106	10.438
105	107	5.179
105	108	6.109
105	109	6.757
105	110	6.058
105	111	6.830
105	112	7.503
105	113	5.548
105	114	4.984
105	115	3.390
105	116	4.251
105	117	4.217
105	118	6.256
105	119	7.747
106	106	8.000
106	107	7.090
106	108	7.466
106	109	5.356
106	110	6.086
106	111	5.420
106	112	7.726
106	113	6.724
106	114	6.448
106	115	4.640
106	116	3.697
106	117	5.801
106	118	5.612
106	119	5.049
107	107	8.000
107	108	6.616
107	109	7.599
107	110	6.462
107	111	5.423
107	112	4.969
107	113	4.176
107	114	6.859
107	115	5.710
107	116	5.946
107	117	7.799
107	118	6.943
107	119	7.505
108	108	8.000
108	109	10.408
108	110	7.707
108	111	6.692
108	112	6.198
108	113	6.394
108	114	3.777
108	115	6.097
108	116	4.038
108	117	5.441
108	118	3.846
108	119	6.285
109	109	8.000
109	110	9.780
109	111	6.524
109	112	6.572
109	113	7.090
109	114	8.217
109	115	5.580
109	116	3.681
109	117	7.795
109	118	4.751
109	119	6.691
110	110	8.000
110	111	10.330
110	112	7.037
110	113	7.318
110	114	6.107
110	115	3.767
110	116	7.931
110	117	5.972
110	118	7.867
110	119	6.848
111	111	8.000
111	112	8.964
111	113	5.345
111	114	7.922
111	115	10.297
111	116	5.631
111	117	5.850
111	118	5.361
111	119	6.233
112	112	8.000
112	113	6.455
112	114	6.672
112	115	7.594
112	116	5.449
112	117	4.938
112	118	5.201
112	119	7.073
113	113	8.000
113	114	10.390
113	115	6.602
113	116	6.000
113	117	5.690
113	118	7.715
113	119	6.638
114	114	8.000
114	115	7.297
114	116	7.969
114	117	5.035
114	118	3.540
114	119	5.783
115	115	8.000
115	116	8.817
115	117	5.727
115	118	9.047
115	119	7.191
116	116	8.000
116	117	9.023
116	118	8.490
116	119	6.107
117	117	8.000
117	118	7.457
117	119	9.507
118	118	8.000
118	119	8.550
119	119	8.000
